%%MatrixMarket matrix coordinate real general
1794 1794 118566
1 1 0.420484
1 2 -0.0294519
1 3 0.0145303
1 4 -0.0400907
1 5 0.0033926
1 6 -0.00628369
1 7 -0.0126522
1 8 -0.00329236
1 9 0.0293473
1 10 0.044331
1 11 0.00702021
1 12 0.0117273
1 13 -0.118701
1 14 -0.0026306
1 15 -0.0157279
1 16 -0.23634
1 17 -0.00549828
1 18 0.00966468
1 19 0.139874
1 20 0.0166188
1 21 0.0129205
1 22 -0.593875
1 23 0.0763681
1 24 -0.0576969
1 25 0.419107
1 26 -0.0237969
1 27 0.0740526
1 28 0.0329034
1 29 0.00273718
1 30 0.0994969
1 31 0.0209705
1 32 -0.00485122
1 33 -0.000400671
1 34 -0.0122386
1 35 0.00447995
1 36 -0.001349
1 37 0.00491733
1 38 -0.00161641
1 39 -0.000108703
1 40 -0.080137
1 41 0.0194177
1 42 0.00306946
1 43 -0.0136667
1 44 0.00623879
1 45 -0.00162543
1 46 -0.0588122
1 47 0.0170397
1 48 -0.0127549
1 49 0.00529453
1 50 0.000144791
1 51 0.000191848
1 52 -0.0089962
1 53 0.024079
1 54 0.0115888
1 163 -0.0705872
1 164 0.00642639
1 165 0.00813895
1 187 0.0899049
1 188 -0.017465
1 189 -0.00389846
1 190 -0.296643
1 191 0.0193815
1 192 0.0294622
1 193 0.108081
1 194 -0.0116676
1 195 -0.00531498
1 196 0.0826447
1 197 -0.0278491
1 198 -0.00579081
1 199 -0.0134056
1 200 -0.0135702
1 201 -0.0103542
1 202 0.249109
1 203 -0.0180541
1 204 -0.0199346
1 211 0.100113
1 212 0.0107135
1 213 -0.0345338
1 217 0.0962584
1 218 -0.00454619
1 219 -0.103757
1 220 -0.0193608
1 221 0.000763309
1 222 5.37017e-06
1 223 -0.495871
1 224 0.0288007
1 225 -0.0328326
1 226 0.0580776
1 227 0.0190263
1 228 -0.00486973
1 232 0.0281005
1 233 -0.017126
1 234 0.0109356
1 238 0.151292
1 239 -0.0865176
1 240 0.00149712
2 1 -0.0294519
2 2 0.198147
2 3 -0.00767505
2 4 0.00808671
2 5 -0.00260122
2 6 -0.00447509
2 7 0.0126905
2 8 0.000170842
2 9 0.00657609
2 10 0.0679413
2 11 0.0220797
2 12 0.0250186
2 13 -0.00428148
2 14 -0.0502286
2 15 0.0132279
2 16 -0.0195202
2 17 -0.0381431
2 18 0.0230162
2 19 -0.0286431
2 20 0.0296433
2 21 -0.0305099
2 22 0.0566682
2 23 -0.204294
2 24 -0.0496157
2 25 0.0187946
2 26 0.152578
2 27 0.0143699
2 28 -0.0953176
2 29 -0.00962372
2 30 -0.0384469
2 31 -0.007464
2 32 0.00674726
2 33 0.00486941
2 34 0.00511445
2 35 0.00130855
2 36 -0.00442905
2 37 0.000137934
2 38 0.00067695
2 39 0.00140831
2 40 0.0262405
2 41 -0.0238428
2 42 -0.0190006
2 43 0.00709244
2 44 -0.0190679
2 45 0.000693064
2 46 0.0188565
2 47 -0.0678294
2 48 -0.0339692
2 49 8.32139e-05
2 50 0.00598004
2 51 -0.000543616
2 52 0.00217308
2 53 -0.00320361
2 54 -0.0107135
2 163 0.00325827
2 164 -0.0234447
2 165 0.0052002
2 187 -0.0214263
2 188 0.0289868
2 189 -0.0101197
2 190 0.0239412
2 191 -0.0848183
2 192 0.053618
2 193 -0.0108899
2 194 0.00510798
2 195 -0.0276616
2 196 -0.0329146
2 197 -0.0497851
2 198 0.0047903
2 199 -0.0303416
2 200 0.0130095
2 201 0.0313967
2 202 -0.0157031
2 203 0.0863267
2 204 -0.0180222
2 211 0.00955505
2 212 0.0189968
2 213 -0.0242674
2 217 0.0457895
2 218 0.0282085
2 219 -0.0310685
2 220 0.000729544
2 221 -0.0159197
2 222 0.00906473
2 223 0.0571961
2 224 -0.338545
2 225 0.00452112
2 226 -0.000763651
2 227 0.0501098
2 228 0.0490611
2 232 -0.0092661
2 233 0.0268853
2 234 0.0024985
2 238 -0.0636504
2 239 0.199998
2 240 0.0484305
3 1 0.0145303
3 2 -0.00767505
3 3 0.351572
3 4 0.0122336
3 5 -0.00477413
3 6 -0.0210377
3 7 0.0242356
3 8 0.00314964
3 9 -0.00106547
3 10 0.0198951
3 11 -0.00067983
3 12 0.025748
3 13 -0.0245421
3 14 0.0131254
3 15 -0.0129321
3 16 -0.000912173
3 17 0.0308004
3 18 -0.252412
3 19 -0.00198454
3 20 -0.0262538
3 21 0.0461756
3 22 -0.0734533
3 23 -0.052309
3 24 -0.469883
3 25 -0.0138961
3 26 0.010873
3 27 0.0876166
3 28 0.0505498
3 29 0.00157233
3 30 0.00492662
3 31 0.00324403
3 32 0.00539082
3 33 0.0110794
3 34 -0.0026704
3 35 -0.00460717
3 36 -0.00201733
3 37 -0.00182367
3 38 0.0014419
3 39 0.00382664
3 40 -0.0128718
3 41 -0.0199995
3 42 -0.0445705
3 43 -0.00566628
3 44 -0.000678479
3 45 -0.00232781
3 46 -0.00955171
3 47 -0.0336764
3 48 -0.0416499
3 49 0.000126837
3 50 -0.000541396
3 51 0.00466563
3 52 0.00129659
3 53 -0.00592005
3 54 -0.00996101
3 163 -0.0130017
3 164 0.0114349
3 165 -0.0256308
3 187 -0.012936
3 188 -0.013396
3 189 0.163451
3 190 0.0346913
3 191 0.0498951
3 192 -0.409058
3 193 -0.00217823
3 194 -0.0102076
3 195 0.218903
3 196 0.00375862
3 197 0.00321321
3 198 0.232887
3 199 0.00462934
3 200 0.0450611
3 201 -0.0141917
3 202 0.0561547
3 203 -0.0384645
3 204 0.0757778
3 211 -0.0156319
3 212 -0.0256985
3 213 0.0580677
3 217 -0.074474
3 218 -0.0605302
3 219 0.169772
3 220 0.00809551
3 221 0.0070366
3 222 -0.0150006
3 223 -0.0128863
3 224 0.0051689
3 225 -0.354519
3 226 -0.00775325
3 227 0.0565105
3 228 0.0772172
3 232 0.0142404
3 233 -0.00276228
3 234 0.00776355
3 238 0.0379475
3 239 0.0507426
3 240 0.0618927
4 1 -0.0400907
4 2 0.00808671
4 3 0.0122336
4 4 0.495958
4 5 0.0316972
4 6 -0.00676276
4 7 0.153885
4 8 0.0152607
4 9 -0.038576
4 10 0.021028
4 11 -0.00582509
4 12 -0.0010281
4 13 -0.154087
4 14 -0.00884417
4 15 0.0111546
4 16 0.174669
4 17 0.0364364
4 18 -0.0464934
4 19 -0.42405
4 20 -0.0560464
4 21 0.0180634
4 22 0.428945
4 23 -0.0394801
4 24 -0.0535196
4 25 -0.603473
4 26 0.0240965
4 27 0.0411205
4 28 0.0352294
4 29 0.0071543
4 30 -0.0873001
4 31 -0.00766726
4 32 0.0119684
4 33 0.00634198
4 34 0.0237293
4 35 -0.00819961
4 36 -0.000666058
4 37 -0.0563577
4 38 -0.00236671
4 39 -0.00264574
4 40 0.0530904
4 41 -0.0377746
4 42 -0.0235869
4 421 -0.0449679
4 422 -0.00744566
4 423 -0.00370889
4 424 -0.00644146
4 425 -0.00361518
4 426 0.00204866
4 433 0.080663
4 434 0.0219183
4 435 0.00983635
4 502 0.0587966
4 503 0.0170387
4 504 -0.000624614
4 505 -0.526934
4 506 -0.0495029
4 507 -0.0338007
4 508 0.0813816
4 509 0.0191091
4 510 0.00421415
4 511 0.0534635
4 512 -0.0039508
4 513 0.00235938
4 514 -0.177506
4 515 -0.0437514
4 516 0.00239206
4 517 0.103851
4 518 0.0198772
4 519 0.0141732
4 520 0.0158813
4 521 0.000846281
4 522 0.113228
4 523 -0.0750008
4 524 -0.0072316
4 525 -0.0102302
4 526 0.304342
4 527 0.0345741
4 528 0.0393799
4 532 0.0283179
4 533 -0.0108914
4 534 -0.00575536
4 535 0.00413739
4 536 -0.00466281
4 537 -0.0056004
4 538 -0.0533325
4 539 0.00173597
4 540 0.00389949
4 541 0.010356
4 542 -0.00140068
4 543 -0.00103282
4 544 -0.01964
4 545 0.0461509
4 546 0.0422637
4 547 0.0412791
4 548 -0.000187404
4 549 0.00128971
5 1 0.0033926
5 2 -0.00260122
5 3 -0.00477413
5 4 0.0316972
5 5 0.232542
5 6 -0.0116575
5 7 -0.00478866
5 8 0.052194
5 9 -0.0444099
5 10 -0.0768927
5 11 0.0231015
5 12 0.0467096
5 13 -0.00753312
5 14 -0.0838275
5 15 0.0193598
5 16 0.0810841
5 17 0.0698276
5 18 -0.0596447
5 19 -0.0464064
5 20 -0.168911
5 21 0.101949
5 22 -0.0887666
5 23 0.133377
5 24 0.0259792
5 25 0.0395958
5 26 -0.209717
5 27 -0.0520073
5 28 0.103996
5 29 0.0088295
5 30 -0.0426381
5 31 0.00383485
5 32 0.00838527
5 33 -0.0107598
5 34 -0.00703869
5 35 0.0109701
5 36 0.00662177
5 37 0.000709791
5 38 -0.0613625
5 39 -0.0263124
5 40 -0.0190584
5 41 0.012803
5 42 0.0208073
5 421 0.002927
5 422 -0.0134474
5 423 -0.00190623
5 424 0.00427881
5 425 0.00411367
5 426 0.00797126
5 433 0.00597935
5 434 0.0165591
5 435 -0.0153929
5 502 0.0360789
5 503 0.0526239
5 504 0.0258415
5 505 -0.0705541
5 506 -0.186206
5 507 -0.0421378
5 508 0.019197
5 509 -0.0608233
5 510 -0.0120453
5 511 0.00886238
5 512 0.0636567
5 513 0.0351147
5 514 -0.0492807
5 515 -0.0320639
5 516 0.0299388
5 517 0.0220547
5 518 0.0087714
5 519 -0.0348099
5 520 -0.0554963
5 521 -0.0277554
5 522 0.00251972
5 523 -0.0108044
5 524 -0.0306642
5 525 0.0116489
5 526 0.0142363
5 527 0.123526
5 528 -0.0129546
5 532 0.00946428
5 533 0.0242565
5 534 0.0427175
5 535 -0.00959597
5 536 0.00477741
5 537 0.00143487
5 538 0.00236243
5 539 -0.0346868
5 540 -0.019693
5 541 0.000822465
5 542 0.0127258
5 543 0.00480301
5 544 0.0648378
5 545 -0.0281981
5 546 -0.0103731
5 547 -0.00442127
5 548 0.0191616
5 549 0.00645557
6 1 -0.00628369
6 2 -0.00447509
6 3 -0.0210377
6 4 -0.00676276
6 5 -0.0116575
6 6 0.363721
6 7 -0.0194235
6 8 -0.0524002
6 9 0.255515
6 10 -0.0175438
6 11 0.0568695
6 12 0.0497568
6 13 0.0199931
6 14 0.0181563
6 15 -0.0336097
6 16 -0.0329684
6 17 -0.0512183
6 18 0.070882
6 19 0.0297834
6 20 0.107099
6 21 -0.500886
6 22 0.0342383
6 23 0.0146265
6 24 0.0775429
6 25 0.0513281
6 26 -0.0502145
6 27 -0.317231
6 28 -0.0516779
6 29 -0.0295882
6 30 0.057499
6 31 -0.00353749
6 32 -0.0111312
6 33 -0.00522931
6 34 0.00283817
6 35 0.00540953
6 36 0.00687449
6 37 0.00115101
6 38 -0.025985
6 39 -0.0350577
6 40 0.0159408
6 41 0.0180929
6 42 0.0197836
6 421 0.0126225
6 422 0.00200272
6 423 -0.00960613
6 424 0.00868445
6 425 0.00400192
6 426 -0.00407772
6 433 0.00158951
6 434 -0.0169867
6 435 0.0375964
6 502 -0.0131616
6 503 0.016444
6 504 0.0197572
6 505 -0.0497811
6 506 -0.0462979
6 507 -0.459888
6 508 0.003728
6 509 -0.00604239
6 510 0.230209
6 511 0.00363297
6 512 0.0391936
6 513 0.0517182
6 514 -0.00434427
6 515 0.0319309
6 516 -0.221803
6 517 0.00352292
6 518 -0.0215166
6 519 0.2173
6 520 0.0746349
6 521 0.0119381
6 522 0.0218436
6 523 -0.0177482
6 524 0.00963568
6 525 -0.016256
6 526 -0.0365949
6 527 -0.0327349
6 528 0.0456395
6 532 -0.00164662
6 533 0.0484607
6 534 0.036439
6 535 0.00157829
6 536 0.00462584
6 537 0.00488197
6 538 -0.0004285
6 539 -0.021578
6 540 -0.00961249
6 541 -0.000635455
6 542 0.00498883
6 543 0.0076216
6 544 0.00422065
6 545 -0.028724
6 546 -0.0297934
6 547 -0.00428182
6 548 0.00543088
6 549 0.00291505
7 1 -0.0126522
7 2 0.0126905
7 3 0.0242356
7 4 0.153885
7 5 -0.00478866
7 6 -0.0194235
7 7 2.43234
7 8 -0.0531846
7 9 -0.183067
7 10 0.311906
7 11 -0.0683235
7 12 0.0419318
7 13 0.0204715
7 14 -0.00299259
7 15 -0.00123596
7 16 -0.172832
7 17 0.0740139
7 18 -0.0752293
7 19 -0.784508
7 20 -0.0625965
7 21 0.0486218
7 22 0.131891
7 23 -0.194097
7 24 -0.0151824
7 25 0.13511
7 26 0.0145384
7 27 0.00318507
7 28 -0.687121
7 29 0.335565
7 30 -0.210795
7 187 0.302652
7 188 -0.0580707
7 189 -0.0419752
7 190 0.0728004
7 191 -0.047052
7 192 5.34772e-05
7 193 -1.15149
7 194 0.245544
7 195 0.109136
7 196 0.266313
7 197 -0.216053
7 198 0.0430567
7 424 0.282952
7 425 0.0265613
7 426 -0.054083
7 502 0.0207775
7 503 0.0708833
7 504 -0.0250859
7 505 -0.0497084
7 506 0.14952
7 507 0.0116837
7 508 -0.0784268
7 509 -0.218825
7 510 0.155659
7 511 0.200622
7 512 0.012238
7 513 0.00183063
7 514 0.0583278
7 515 0.0267238
7 516 0.00357981
7 517 -1.02416
7 518 -0.10764
7 519 0.16765
7 520 0.0438894
7 521 0.0701228
7 522 -0.00542229
7 1141 0.046006
7 1142 -0.0249678
7 1143 -0.0393836
7 1144 -0.0105618
7 1145 -0.0414056
7 1146 0.0657485
7 1147 -0.2575
7 1148 0.330058
7 1149 0.143047
7 1150 -0.0645487
7 1151 0.00426985
7 1152 0.0773428
7 1333 -0.00286432
7 1334 0.038452
7 1335 0.0367845
7 1336 -0.0378829
7 1337 -0.284284
7 1338 -0.162586
7 1339 -0.106736
7 1340 -0.0266467
7 1341 0.00501526
7 1342 0.0538395
7 1343 0.00176236
7 1344 -0.0949818
7 1345 -0.0629528
7 1346 0.00406512
7 1347 -0.0108957
7 1444 -0.0473032
7 1445 -0.00812549
7 1446 0.00226954
8 1 -0.00329236
8 2 0.000170842
8 3 0.00314964
8 4 0.0152607
8 5 0.052194
8 6 -0.0524002
8 7 -0.0531846
8 8 1.24392
8 9 0.0103727
8 10 -0.0761226
8 11 0.49408
8 12 -0.0841165
8 13 -0.000996006
8 14 0.0314098
8 15 -0.00304891
8 16 0.0583778
8 17 -0.242763
8 18 0.0530927
8 19 -0.0660946
8 20 -0.648017
8 21 0.287458
8 22 -0.0678161
8 23 0.221608
8 24 -0.0630431
8 25 -0.0268455
8 26 0.511111
8 27 -0.0465782
8 28 0.189068
8 29 -1.29349
8 30 0.221717
8 187 -0.0207749
8 188 0.0565081
8 189 0.0606258
8 190 -0.0114065
8 191 0.0290665
8 192 -0.0165708
8 193 0.158606
8 194 -0.332734
8 195 -0.11862
8 196 -0.140503
8 197 0.205611
8 198 -0.0628383
8 424 0.00121052
8 425 0.035134
8 426 0.0409492
8 502 0.0446365
8 503 0.00610285
8 504 -0.0445048
8 505 0.0465235
8 506 0.081583
8 507 -8.14962e-05
8 508 -0.0272224
8 509 -0.324357
8 510 0.227633
8 511 0.0210086
8 512 0.308425
8 513 -0.144837
8 514 0.0032042
8 515 0.0248428
8 516 -0.0171293
8 517 -0.0187937
8 518 -0.175362
8 519 -0.0720524
8 520 0.000431627
8 521 0.0655856
8 522 -0.0290237
8 1141 -0.00788067
8 1142 0.0313865
8 1143 0.023417
8 1144 -0.050577
8 1145 0.0497254
8 1146 -0.0255554
8 1147 0.163662
8 1148 -0.214679
8 1149 -0.0995792
8 1150 -0.0244302
8 1151 -0.0910953
8 1152 -0.042686
8 1333 0.00894898
8 1334 -0.0195628
8 1335 0.015305
8 1336 -0.145766
8 1337 0.0274573
8 1338 0.103365
8 1339 -0.00134709
8 1340 -0.155795
8 1341 -0.0899052
8 1342 0.0317999
8 1343 0.0484985
8 1344 8.38089e-05
8 1345 0.00126848
8 1346 0.0120101
8 1347 -0.0322945
8 1444 -0.0029972
8 1445 -0.0593813
8 1446 -0.029059
9 1 0.0293473
9 2 0.00657609
9 3 -0.00106547
9 4 -0.038576
9 5 -0.0444099
9 6 0.255515
9 7 -0.183067
9 8 0.0103727
9 9 1.5633
9 10 0.0553867
9 11 -0.109289
9 12 0.179425
9 13 0.00119934
9 14 -0.0107945
9 15 -0.0086093
9 16 -0.106646
9 17 0.0665023
9 18 -0.0101243
9 19 0.130104
9 20 0.279897
9 21 -0.849031
9 22 -0.000882833
9 23 -0.0950648
9 24 0.0143573
9 25 0.0103389
9 26 -0.0372251
9 27 -0.220585
9 28 -0.157658
9 29 0.237566
9 30 -0.058337
9 187 -0.0310659
9 188 0.0605587
9 189 0.120408
9 190 0.00098242
9 191 -0.0190816
9 192 0.00949438
9 193 0.105513
9 194 -0.128739
9 195 -0.42634
9 196 0.0103592
9 197 -0.0495328
9 198 0.0192194
9 424 -0.0556333
9 425 0.039324
9 426 0.123088
9 502 -0.0254451
9 503 -0.0415973
9 504 -0.0181067
9 505 0.0102174
9 506 -0.0153628
9 507 -0.169584
9 508 0.147098
9 509 0.213059
9 510 0.305133
9 511 -0.00112022
9 512 -0.146022
9 513 0.106521
9 514 -0.00417739
9 515 -0.0247695
9 516 0.0394162
9 517 0.144305
9 518 -0.0710411
9 519 -0.431775
9 520 0.00793969
9 521 -0.0324369
9 522 -0.0414911
9 1141 -0.0397023
9 1142 0.0231802
9 1143 0.0724168
9 1144 0.00466812
9 1145 -0.00767091
9 1146 -0.035119
9 1147 0.152303
9 1148 -0.100094
9 1149 -0.264145
9 1150 0.038149
9 1151 -0.0301865
9 1152 -0.116128
9 1333 0.0498318
9 1334 0.0128958
9 1335 0.016289
9 1336 -0.239517
9 1337 0.105863
9 1338 -0.131241
9 1339 -0.000118938
9 1340 -0.0945794
9 1341 -0.0636778
9 1342 -0.0450612
9 1343 0.025105
9 1344 0.0111198
9 1345 0.031822
9 1346 -0.0210322
9 1347 -0.0433731
9 1444 0.000589383
9 1445 -0.028726
9 1446 -0.0354936
10 1 0.044331
10 2 0.0679413
10 3 0.0198951
10 4 0.021028
10 5 -0.0768927
10 6 -0.0175438
10 7 0.311906
10 8 -0.0761226
10 9 0.0553867
10 10 7.0311
10 11 -0.208013
10 12 -0.63592
10 13 0.01064
10 14 0.00160321
10 15 -0.00453311
10 16 -0.196466
10 17 0.010576
10 18 0.0014644
10 19 -0.134282
10 20 0.0604517
10 21 -0.0501747
10 22 0.342598
10 23 -0.464671
10 24 -0.117025
10 25 0.297908
10 26 0.423404
10 27 0.0764253
10 28 -1.52121
10 29 0.297235
10 30 -0.143521
10 31 0.193325
10 32 -0.00828394
10 33 -0.0451454
10 34 -0.0174421
10 35 -0.00189536
10 36 -0.00269319
10 37 -0.012142
10 38 0.00433511
10 39 0.00796858
10 40 -0.640857
10 41 -0.00319815
10 42 0.136486
10 43 -0.016946
10 44 0.0175573
10 45 0.0563436
10 46 0.0186146
10 47 -0.00777816
10 48 -0.0149959
10 49 0.000596218
10 50 0.00179307
10 51 0.00134355
10 52 0.220608
10 53 -0.0709799
10 54 -0.253675
10 55 0.0607944
10 56 0.00107085
10 57 0.0166733
10 58 0.00616317
10 59 -0.00368607
10 60 -0.00194218
10 61 0.0160818
10 62 0.000151252
10 63 -0.000905948
10 64 -0.229281
10 65 0.0165582
10 66 -0.0681048
10 187 -0.0326184
10 188 0.0680117
10 189 -0.0466353
10 190 -0.0108797
10 191 -0.0574377
10 192 0.0335863
10 193 -0.00883664
10 194 0.014732
10 195 0.00127583
10 196 -0.484886
10 197 -0.102573
10 198 0.199426
10 199 0.911542
10 200 -0.0390681
10 201 -0.11249
10 217 0.409351
10 218 -0.116119
10 219 -0.0425649
10 223 -0.250757
10 224 0.000960758
10 225 0.0309029
10 226 -3.33079
10 227 0.18838
10 228 0.439867
10 238 -0.15874
10 239 -0.00367358
10 240 0.0109269
10 256 -0.00419609
10 257 -0.0213279
10 258 0.00104893
10 502 0.680991
10 503 -0.0486562
10 504 -0.0496679
10 505 -0.217008
10 506 0.0485225
10 507 0.0301645
10 508 0.675849
10 509 -0.0586808
10 510 -0.0395508
10 511 -2.99825
10 512 0.110007
10 513 0.379249
10 532 -0.186884
10 533 0.033136
10 534 0.0509948
10 556 0.0131954
10 557 0.00193553
10 558 -0.0250658
10 559 -0.0053769
10 560 0.00512862
10 561 1.36858e-06
10 562 -0.0343061
10 563 -0.0210848
10 564 0.090294
10 565 0.00783493
10 566 -1.62114e-05
10 567 -0.000407576
10 577 -0.0219929
10 578 0.0200711
10 579 0.00587099
10 1141 0.149639
10 1142 0.0544811
10 1143 -0.0744376
10 1144 -0.0339861
10 1145 -0.022091
10 1146 0.0714497
10 1147 -0.083148
10 1148 0.0107528
10 1149 0.00799591
10 1150 -0.801355
10 1151 -0.205345
10 1152 0.33538
10 1168 0.0858404
10 1169 -0.0677363
10 1170 0.0468991
10 1189 0.000876731
10 1190 0.00159808
10 1191 -0.0107762
10 1192 -0.0168647
10 1193 0.000868132
10 1194 0.00549618
10 1195 0.023184
10 1196 -0.00687723
10 1197 0.037239
10 1198 0.00370187
10 1199 -0.000389032
10 1200 -9.89365e-05
10 1210 0.00420325
10 1211 -3.0153e-05
10 1212 0.00168095
10 1333 0.00110138
10 1334 -0.0460035
10 1335 0.0797819
10 1336 -0.0578852
10 1337 0.0136842
10 1338 -0.051567
10 1339 -0.0600105
10 1340 0.337114
10 1341 -0.373164
10 1342 0.106451
10 1343 -0.0708787
10 1344 -0.0276938
10 1354 0.0115473
10 1355 -0.00128272
10 1356 0.00728406
10 1357 -0.0476633
10 1358 -0.00479243
10 1359 -0.0386472
10 1360 0.00285122
10 1361 -2.78238e-06
10 1362 1.477e-05
10 1363 -0.00237129
10 1364 0.00209128
10 1365 0.000824598
10 1378 -0.0121636
10 1379 0.0109468
10 1380 0.0108729
10 1405 -0.00283257
10 1406 0.000835698
10 1407 -0.00088123
10 1444 -0.0599926
10 1445 -0.0109301
10 1446 -0.0021963
10 1447 0.00570954
10 1448 -6.28106e-06
10 1449 5.79543e-05
10 1450 0.0113435
10 1451 -7.40982e-05
10 1452 -0.000121382
11 1 0.00702021
11 2 0.0220797
11 3 -0.00067983
11 4 -0.00582509
11 5 0.0231015
11 6 0.0568695
11 7 -0.0683235
11 8 0.49408
11 9 -0.109289
11 10 -0.208013
11 11 2.33945
11 12 -0.244065
11 13 -0.000942855
11 14 0.0274786
11 15 -0.0351675
11 16 0.00754915
11 17 -0.320764
11 18 0.101325
11 19 0.0211189
11 20 -0.262196
11 21 0.0407663
11 22 -0.159707
11 23 0.409589
11 24 -0.103618
11 25 0.112251
11 26 0.253911
11 27 -0.29793
11 28 0.197763
11 29 -1.59651
11 30 0.415649
11 31 0.00152131
11 32 0.0230052
11 33 0.0576143
11 34 0.00354231
11 35 0.00500117
11 36 -0.0101779
11 37 -0.004819
11 38 0.00730949
11 39 -0.0258314
11 40 -0.0147548
11 41 -0.0997477
11 42 -0.229297
11 43 0.000389955
11 44 -0.0152348
11 45 -0.0163253
11 46 0.00489607
11 47 0.00920602
11 48 0.00584064
11 49 0.000687975
11 50 0.0109551
11 51 -0.0068478
11 52 -0.0366933
11 53 0.029166
11 54 0.0965369
11 55 -0.00546389
11 56 0.0256276
11 57 -0.00638464
11 58 -0.00613392
11 59 0.0119245
11 60 0.00626285
11 61 0.000239083
11 62 0.0188439
11 63 -0.000214832
11 64 0.0620687
11 65 -0.131047
11 66 0.00513822
11 187 0.0684124
11 188 -0.0179523
11 189 -0.0447183
11 190 -0.0593209
11 191 -0.0203053
11 192 0.0152257
11 193 0.00420105
11 194 -0.0246284
11 195 0.0742397
11 196 -0.0485616
11 197 -0.187209
11 198 -0.101667
11 199 -0.226341
11 200 0.160701
11 201 0.0141135
11 217 -0.00117446
11 218 0.138042
11 219 0.0693443
11 223 0.076521
11 224 -0.107974
11 225 -0.0388171
11 226 0.626951
11 227 -0.555593
11 228 -0.151736
11 238 -0.00216031
11 239 -0.00112923
11 240 -0.0320797
11 256 -0.0391507
11 257 0.0319501
11 258 0.0178704
11 502 0.119195
11 503 0.141704
11 504 0.00676753
11 505 0.0168879
11 506 -0.111471
11 507 -0.0248899
11 508 -0.152686
11 509 0.330638
11 510 -0.00582665
11 511 -0.318215
11 512 -0.673808
11 513 0.000551973
11 532 0.0244358
11 533 0.0162463
11 534 -0.0146028
11 556 0.0049586
11 557 -0.00619872
11 558 -0.00294711
11 559 0.00741438
11 560 0.00730596
11 561 -0.000508463
11 562 -0.055943
11 563 -0.0195138
11 564 0.0196259
11 565 -4.92749e-06
11 566 0.00780922
11 567 8.01271e-06
11 577 0.0486855
11 578 0.0238143
11 579 -0.0166206
11 1141 0.0176251
11 1142 0.0558847
11 1143 -0.108684
11 1144 0.0135647
11 1145 -0.031147
11 1146 0.0526732
11 1147 -0.00553955
11 1148 -0.161953
11 1149 0.217177
11 1150 -0.0660374
11 1151 -0.339529
11 1152 0.334047
11 1168 -0.0739386
11 1169 0.138744
11 1170 0.0470222
11 1189 0.00506088
11 1190 0.0083062
11 1191 0.00381864
11 1192 -0.00582755
11 1193 -0.00336008
11 1194 0.00857188
11 1195 -0.0147505
11 1196 -0.0286449
11 1197 -0.0236383
11 1198 -0.000527354
11 1199 0.00368133
11 1200 -0.000188973
11 1210 -0.000635536
11 1211 0.0105915
11 1212 0.000661583
11 1333 -0.0142135
11 1334 -0.00318134
11 1335 0.00034849
11 1336 -0.013406
11 1337 0.0346773
11 1338 0.0461642
11 1339 0.213945
11 1340 -0.122523
11 1341 -0.141193
11 1342 -0.0770742
11 1343 0.0995822
11 1344 0.0181105
11 1354 -0.00570872
11 1355 -0.00185193
11 1356 -4.17565e-05
11 1357 -0.00514086
11 1358 -0.0274467
11 1359 5.44204e-05
11 1360 -4.53228e-07
11 1361 0.00293008
11 1362 1.56007e-05
11 1363 0.00278039
11 1364 -0.00262162
11 1365 -8.47103e-05
11 1378 0.0282306
11 1379 0.0179261
11 1380 -0.00152194
11 1405 0.00395959
11 1406 -0.00185821
11 1407 -0.000249594
11 1444 -0.00540876
11 1445 -0.0529803
11 1446 0.0506013
11 1447 8.93396e-07
11 1448 0.00561649
11 1449 -1.94011e-05
11 1450 -9.76143e-05
11 1451 0.0127532
11 1452 0.000427665
12 1 0.0117273
12 2 0.0250186
12 3 0.025748
12 4 -0.0010281
12 5 0.0467096
12 6 0.0497568
12 7 0.0419318
12 8 -0.0841165
12 9 0.179425
12 10 -0.63592
12 11 -0.244065
12 12 4.84339
12 13 -0.00769578
12 14 -0.0489773
12 15 0.0092522
12 16 0.00778125
12 17 0.0858567
12 18 -0.0392703
12 19 -0.0634493
12 20 0.0368344
12 21 -0.0194621
12 22 -0.226346
12 23 -0.186661
12 24 0.0395663
12 25 0.131489
12 26 -0.201122
12 27 -0.128097
12 28 -0.0593416
12 29 0.339592
12 30 -0.779315
12 31 -0.089461
12 32 0.0500471
12 33 0.354418
12 34 -0.000947705
12 35 -0.0159892
12 36 -0.0269463
12 37 0.0181994
12 38 -0.0213931
12 39 -0.0421625
12 40 0.387959
12 41 -0.183422
12 42 -1.38799
12 43 0.0975084
12 44 -0.0238326
12 45 -0.024979
12 46 -0.022775
12 47 0.00708902
12 48 0.00608687
12 49 -0.00123961
12 50 -0.00660711
12 51 -0.010365
12 52 -0.524689
12 53 0.135184
12 54 0.228517
12 55 0.0356806
12 56 -0.00851462
12 57 0.0523865
12 58 -0.0139025
12 59 0.00709709
12 60 0.00399533
12 61 -0.000309698
12 62 -0.000142164
12 63 0.0131688
12 64 -0.139606
12 65 0.013431
12 66 -0.197927
12 187 -0.0191478
12 188 -0.0562651
12 189 0.0065353
12 190 0.0380598
12 191 0.00804541
12 192 -0.0103906
12 193 -0.00385194
12 194 0.0743021
12 195 -0.050211
12 196 0.121784
12 197 -0.0616274
12 198 -0.361971
12 199 -0.103438
12 200 0.0123065
12 201 0.297815
12 217 -0.100682
12 218 0.0700602
12 219 0.150993
12 223 0.106842
12 224 -0.04366
12 225 -0.0363524
12 226 0.620362
12 227 -0.158673
12 228 -1.19
12 238 0.0456493
12 239 -0.0381394
12 240 -0.107524
12 256 -0.0041253
12 257 0.0174011
12 258 0.00219637
12 502 -0.0659234
12 503 0.000565805
12 504 0.213969
12 505 -0.0405307
12 506 -0.0296812
12 507 -0.0738062
12 508 -0.0140535
12 509 -0.00504747
12 510 0.293187
12 511 0.304458
12 512 0.0102941
12 513 -1.02901
12 532 0.036547
12 533 -0.027386
12 534 -0.155193
12 556 -0.0413667
12 557 -0.00830273
12 558 -0.0123089
12 559 0.00938938
12 560 -0.00130012
12 561 -0.0130851
12 562 0.147341
12 563 0.0434061
12 564 0.0604702
12 565 -2.83579e-05
12 566 1.64096e-05
12 567 0.00784343
12 577 0.0189685
12 578 -0.0184695
12 579 -0.0167658
12 1141 -0.0607953
12 1142 -0.0973214
12 1143 0.262224
12 1144 -0.0207281
12 1145 0.0845895
12 1146 0.0213117
12 1147 0.00639877
12 1148 0.189977
12 1149 -0.0900471
12 1150 0.375181
12 1151 0.275493
12 1152 -1.27829
12 1168 -0.0194421
12 1169 0.0604977
12 1170 -0.0310895
12 1189 -0.0328116
12 1190 0.00640212
12 1191 -0.0196637
12 1192 0.0155002
12 1193 0.00957788
12 1194 -0.0108417
12 1195 0.117129
12 1196 -0.0349638
12 1197 0.106469
12 1198 0.000873936
12 1199 -0.000180569
12 1200 0.00365997
12 1210 0.00555592
12 1211 0.000327655
12 1212 -0.00125259
12 1333 0.0644714
12 1334 -0.00208509
12 1335 0.0139921
12 1336 0.0480608
12 1337 0.0626369
12 1338 -0.135857
12 1339 -0.412613
12 1340 -0.147395
12 1341 0.0206271
12 1342 0.0311247
12 1343 0.034586
12 1344 0.0066915
12 1354 0.0363094
12 1355 0.00439712
12 1356 0.00134944
12 1357 -0.142879
12 1358 -0.0210122
12 1359 -0.0104086
12 1360 3.37832e-05
12 1361 1.25225e-05
12 1362 0.00284511
12 1363 -7.93477e-05
12 1364 0.000814387
12 1365 -0.00312208
12 1378 -0.00442948
12 1379 0.0017521
12 1380 -0.00783529
12 1405 -0.00722868
12 1406 -0.000877645
12 1407 -0.00317394
12 1444 -0.00300407
12 1445 0.0502319
12 1446 -0.0691532
12 1447 -2.44061e-06
12 1448 -2.32932e-05
12 1449 0.00579707
12 1450 -1.99164e-05
12 1451 0.000280538
12 1452 0.00986267
13 1 -0.118701
13 2 -0.00428148
13 3 -0.0245421
13 4 -0.154087
13 5 -0.00753312
13 6 0.0199931
13 7 0.0204715
13 8 -0.000996006
13 9 0.00119934
13 10 0.01064
13 11 -0.000942855
13 12 -0.00769578
13 13 0.318532
13 14 0.0122342
13 15 0.00549872
13 16 -0.0605034
13 17 -0.0195166
13 18 0.0377065
13 19 -0.000573602
13 20 0.0201189
13 21 -0.0376205
13 22 -0.00980434
13 23 -0.0148949
13 24 0.117653
13 25 0.12935
13 26 0.01012
13 27 -0.115529
13 28 -0.133586
13 29 -0.0017849
13 30 -0.00587995
13 31 0.000864769
13 32 -0.00230302
13 33 -0.00238118
13 34 0.000607683
13 35 0.00309002
13 36 0.00193754
13 37 0.00973121
13 38 -0.000962526
13 39 0.000502053
13 40 -0.00997759
13 41 0.00761079
13 42 0.00811705
14 1 -0.0026306
14 2 -0.0502286
14 3 0.0131254
14 4 -0.00884417
14 5 -0.0838275
14 6 0.0181563
14 7 -0.00299259
14 8 0.0314098
14 9 -0.0107945
14 10 0.00160321
14 11 0.0274786
14 12 -0.0489773
14 13 0.0122342
14 14 0.179198
14 15 -0.037183
14 16 -0.054287
14 17 -0.0779995
14 18 0.0474448
14 19 0.062934
14 20 -0.0108842
14 21 0.00674048
14 22 0.060877
14 23 0.0156647
14 24 -0.0318793
14 25 -0.065436
14 26 0.132614
14 27 -0.0303704
14 28 0.00146407
14 29 -0.142609
14 30 0.0889375
14 31 0.00149732
14 32 0.00617989
14 33 0.00388288
14 34 0.00164182
14 35 -0.00061192
14 36 -0.0032849
14 37 -0.00372088
14 38 0.00498171
14 39 0.000112382
14 40 -0.00438177
14 41 -0.0260995
14 42 -0.0126433
15 1 -0.0157279
15 2 0.0132279
15 3 -0.0129321
15 4 0.0111546
15 5 0.0193598
15 6 -0.0336097
15 7 -0.00123596
15 8 -0.00304891
15 9 -0.0086093
15 10 -0.00453311
15 11 -0.0351675
15 12 0.0092522
15 13 0.00549872
15 14 -0.037183
15 15 0.0756079
15 16 0.037295
15 17 0.0377704
15 18 -0.0321184
15 19 -0.0361151
15 20 -0.00394378
15 21 0.0190161
15 22 0.0407339
15 23 -0.0184912
15 24 -0.00338013
15 25 -0.0377981
15 26 -0.0228859
15 27 0.0617841
15 28 -0.00104093
15 29 0.0606172
15 30 -0.0639579
15 31 -0.00022615
15 32 0.00236741
15 33 -0.000204369
15 34 0.000258499
15 35 -0.0025193
15 36 0.00497948
15 37 8.12566e-05
15 38 0.000872714
15 39 0.00601155
15 40 0.000614104
15 41 -0.00770859
15 42 -0.00615189
16 1 -0.23634
16 2 -0.0195202
16 3 -0.000912173
16 4 0.174669
16 5 0.0810841
16 6 -0.0329684
16 7 -0.172832
16 8 0.0583778
16 9 -0.106646
16 10 -0.196466
16 11 0.00754915
16 12 0.00778125
16 13 -0.0605034
16 14 -0.054287
16 15 0.037295
16 16 1.20178
16 17 0.00884381
16 18 -0.104197
16 19 -0.334974
16 20 -0.108346
16 21 0.0361937
16 22 0.414875
16 23 0.284375
16 24 -0.0691901
16 25 -0.591634
16 26 -0.300293
16 27 0.0843162
16 28 0.830513
16 29 -0.137137
16 30 -0.205219
16 187 0.146684
16 188 -0.0174822
16 189 -0.039626
16 190 -0.204216
16 191 0.0635578
16 192 0.0475778
16 193 -0.25246
16 194 -0.0187451
16 195 0.133195
16 196 -0.711559
16 197 0.15393
16 198 0.21371
17 1 -0.00549828
17 2 -0.0381431
17 3 0.0308004
17 4 0.0364364
17 5 0.0698276
17 6 -0.0512183
17 7 0.0740139
17 8 -0.242763
17 9 0.0665023
17 10 0.010576
17 11 -0.320764
17 12 0.0858567
17 13 -0.0195166
17 14 -0.0779995
17 15 0.0377704
17 16 0.00884381
17 17 0.586675
17 18 -0.275036
17 19 -0.0450003
17 20 0.0234494
17 21 0.0556282
17 22 0.146396
17 23 -0.215239
17 24 -0.0035905
17 25 -0.152284
17 26 -0.385081
17 27 0.1902
17 28 -0.0288327
17 29 0.79502
17 30 -0.266812
17 187 0.0245613
17 188 0.0304341
17 189 -0.0349173
17 190 -0.00793366
17 191 -0.0681704
17 192 0.050175
17 193 -0.0667359
17 194 0.0219522
17 195 0.0322536
17 196 0.0268824
17 197 -0.150385
17 198 0.0960487
18 1 0.00966468
18 2 0.0230162
18 3 -0.252412
18 4 -0.0464934
18 5 -0.0596447
18 6 0.070882
18 7 -0.0752293
18 8 0.0530927
18 9 -0.0101243
18 10 0.0014644
18 11 0.101325
18 12 -0.0392703
18 13 0.0377065
18 14 0.0474448
18 15 -0.0321184
18 16 -0.104197
18 17 -0.275036
18 18 0.818759
18 19 0.070678
18 20 0.0643867
18 21 -0.147258
18 22 -0.117977
18 23 0.050655
18 24 0.397265
18 25 0.108843
18 26 0.209334
18 27 -0.181401
18 28 -0.133707
18 29 -0.306606
18 30 0.232354
18 187 -0.0264508
18 188 -0.0254267
18 189 0.0846547
18 190 0.0280054
18 191 0.0463199
18 192 0.0788662
18 193 0.0962051
18 194 0.00496725
18 195 -0.505941
18 196 0.152798
18 197 0.0798335
18 198 -0.491075
19 1 0.139874
19 2 -0.0286431
19 3 -0.00198454
19 4 -0.42405
19 5 -0.0464064
19 6 0.0297834
19 7 -0.784508
19 8 -0.0660946
19 9 0.130104
19 10 -0.134282
19 11 0.0211189
19 12 -0.0634493
19 13 -0.000573602
19 14 0.062934
19 15 -0.0361151
19 16 -0.334974
19 17 -0.0450003
19 18 0.070678
19 19 1.85052
19 20 0.111893
19 21 -0.00559182
19 22 -0.487938
19 23 0.163456
19 24 -0.0266492
19 25 -0.0866541
19 26 0.268459
19 27 -0.12231
19 28 0.481788
19 29 0.0384532
19 30 0.272864
19 424 0.0989
19 425 -0.00468715
19 426 0.0423933
19 502 -0.0190344
19 503 -0.0132729
19 504 0.0540655
19 505 0.0769757
19 506 -0.386571
19 507 0.104808
19 508 0.569852
19 509 -0.0405242
19 510 -0.139786
19 511 -0.261587
19 512 -0.0158439
19 513 -0.00994217
19 514 -0.149364
19 515 -0.0104902
19 516 -0.0181102
19 517 -0.11928
19 518 0.0264063
19 519 -0.151731
19 520 -0.397972
19 521 -0.0403891
19 522 -0.132752
20 1 0.0166188
20 2 0.0296433
20 3 -0.0262538
20 4 -0.0560464
20 5 -0.168911
20 6 0.107099
20 7 -0.0625965
20 8 -0.648017
20 9 0.279897
20 10 0.0604517
20 11 -0.262196
20 12 0.0368344
20 13 0.0201189
20 14 -0.0108842
20 15 -0.00394378
20 16 -0.108346
20 17 0.0234494
20 18 0.0643867
20 19 0.111893
20 20 1.38361
20 21 -0.609693
20 22 0.0149633
20 23 -0.213814
20 24 0.0975232
20 25 0.155414
20 26 -0.992469
20 27 0.260411
20 28 -0.148927
20 29 0.931126
20 30 -0.197853
20 424 -0.0335152
20 425 0.0176128
20 426 -0.0235502
20 502 -0.0434977
20 503 -0.0289053
20 504 0.0138256
20 505 -0.134978
20 506 -0.190175
20 507 0.0604839
20 508 0.061401
20 509 0.779647
20 510 -0.293206
20 511 -0.00330992
20 512 -0.475145
20 513 0.157903
20 514 0.0409336
20 515 -0.0584101
20 516 0.031556
20 517 0.0563411
20 518 0.0152598
20 519 0.0204275
20 520 0.0478789
20 521 -0.0636726
20 522 0.0603858
21 1 0.0129205
21 2 -0.0305099
21 3 0.0461756
21 4 0.0180634
21 5 0.101949
21 6 -0.500886
21 7 0.0486218
21 8 0.287458
21 9 -0.849031
21 10 -0.0501747
21 11 0.0407663
21 12 -0.0194621
21 13 -0.0376205
21 14 0.00674048
21 15 0.0190161
21 16 0.0361937
21 17 0.0556282
21 18 -0.147258
21 19 -0.00559182
21 20 -0.609693
21 21 1.50473
21 22 -0.0539043
21 23 0.116584
21 24 -0.106116
21 25 -0.120735
21 26 0.230203
21 27 0.181262
21 28 0.152133
21 29 -0.210512
21 30 -0.0361469
21 424 0.0200159
21 425 -0.0225814
21 426 0.0300035
21 502 0.0333914
21 503 0.0154107
21 504 -0.00828662
21 505 0.166153
21 506 0.0717823
21 507 0.382131
21 508 -0.0794733
21 509 -0.281935
21 510 -0.156242
21 511 0.00257082
21 512 0.148736
21 513 -0.0492433
21 514 0.00533041
21 515 0.0401581
21 516 0.0915709
21 517 -0.0868577
21 518 0.00832764
21 519 -0.198734
21 520 -0.0647618
21 521 0.0677212
21 522 -0.121988
22 1 -0.593875
22 2 0.0566682
22 3 -0.0734533
22 4 0.428945
22 5 -0.0887666
22 6 0.0342383
22 7 0.131891
22 8 -0.0678161
22 9 -0.000882833
22 10 0.342598
22 11 -0.159707
22 12 -0.226346
22 13 -0.00980434
22 14 0.060877
22 15 0.0407339
22 16 0.414875
22 17 0.146396
22 18 -0.117977
22 19 -0.487938
22 20 0.0149633
22 21 -0.0539043
22 22 4.59596
22 23 -0.496848
22 24 -0.0563618
22 25 -2.31703
22 26 0.381506
22 27 -0.292732
22 28 -0.421684
22 29 0.265698
22 30 -0.36298
22 31 -0.0919485
22 32 0.0245592
22 33 0.00504128
22 34 0.0452408
22 35 -0.0243296
22 36 0.00172009
22 37 -0.0368615
22 38 0.00794395
22 39 0.000196141
22 40 0.351096
22 41 -0.0940666
22 42 -0.0228138
22 43 0.0630096
22 44 -0.00544279
22 45 -0.018114
22 46 0.0176461
22 47 -0.00441058
22 48 0.00956577
22 49 -0.024094
22 50 -0.000610316
22 51 -0.000784514
22 52 -0.0109903
22 53 -0.0462225
22 54 0.0125613
22 187 0.0387541
22 188 0.0925086
22 189 -0.0553674
22 190 0.0209268
22 191 -0.188726
22 192 0.157766
22 193 -0.314377
22 194 0.034899
22 195 0.0184229
22 196 -0.159167
22 197 -0.180682
22 198 0.260652
22 199 -0.087705
22 200 0.0134741
22 201 -0.0990532
22 217 -0.530491
22 218 -0.013605
22 219 0.231329
22 223 -0.62053
22 224 0.060414
22 225 0.235838
22 226 -0.416019
22 227 0.136497
22 228 0.313929
22 238 -0.275195
22 239 0.0886561
22 240 0.0720871
23 1 0.0763681
23 2 -0.204294
23 3 -0.052309
23 4 -0.0394801
23 5 0.133377
23 6 0.0146265
23 7 -0.194097
23 8 0.221608
23 9 -0.0950648
23 10 -0.464671
23 11 0.409589
23 12 -0.186661
23 13 -0.0148949
23 14 0.0156647
23 15 -0.0184912
23 16 0.284375
23 17 -0.215239
23 18 0.050655
23 19 0.163456
23 20 -0.213814
23 21 0.116584
23 22 -0.496848
23 23 2.61317
23 24 -0.241015
23 25 -0.0182226
23 26 -0.805277
23 27 -0.105541
23 28 0.705995
23 29 -0.632023
23 30 0.353764
23 31 0.0370879
23 32 -0.0347617
23 33 -0.0240094
23 34 -0.0287164
23 35 -0.0144055
23 36 0.0236417
23 37 0.0012125
23 38 -0.0155467
23 39 -0.00739394
23 40 -0.127876
23 41 0.126119
23 42 0.0903394
23 43 -0.0391235
23 44 0.102311
23 45 0.032158
23 46 0.0133725
23 47 -0.0337409
23 48 0.0226112
23 49 -0.000309416
23 50 -0.0264998
23 51 0.00203386
23 52 0.046578
23 53 -0.177063
23 54 -0.0320856
23 187 0.173006
23 188 0.102937
23 189 -0.0773883
23 190 -0.352047
23 191 -0.180523
23 192 0.129981
23 193 0.0366472
23 194 -0.142333
23 195 0.187462
23 196 -0.363896
23 197 -0.253166
23 198 0.25961
23 199 0.01691
23 200 -0.0683137
23 201 0.0454755
23 217 -0.180762
23 218 -0.175163
23 219 0.110459
23 223 0.291396
23 224 0.0223416
23 225 -0.0205425
23 226 0.371335
23 227 -0.193113
23 228 -0.430917
23 238 0.11703
23 239 -0.22924
23 240 -0.11799
24 1 -0.0576969
24 2 -0.0496157
24 3 -0.469883
24 4 -0.0535196
24 5 0.0259792
24 6 0.0775429
24 7 -0.0151824
24 8 -0.0630431
24 9 0.0143573
24 10 -0.117025
24 11 -0.103618
24 12 0.0395663
24 13 0.117653
24 14 -0.0318793
24 15 -0.00338013
24 16 -0.0691901
24 17 -0.0035905
24 18 0.397265
24 19 -0.0266492
24 20 0.0975232
24 21 -0.106116
24 22 -0.0563618
24 23 -0.241015
24 24 1.92598
24 25 0.0973963
24 26 -0.122523
24 27 -0.319697
24 28 -0.215134
24 29 0.206717
24 30 -0.11406
24 31 -0.00997974
24 32 -0.0265092
24 33 -0.0443988
24 34 0.00909554
24 35 0.0247163
24 36 -0.00731929
24 37 0.00649481
24 38 -0.00764627
24 39 -0.0279788
24 40 0.0410862
24 41 0.0957226
24 42 0.181895
24 43 -0.0083956
24 44 0.0306395
24 45 0.0155982
24 46 -0.00874105
24 47 0.0266535
24 48 0.067177
24 49 -0.000501536
24 50 0.00203371
24 51 -0.0218866
24 52 0.0135255
24 53 -0.029936
24 54 0.0215035
24 187 -0.0337257
24 188 -0.0664215
24 189 -0.114553
24 190 0.139894
24 191 0.13056
24 192 0.292889
24 193 0.019375
24 194 0.14923
24 195 -0.508992
24 196 0.230186
24 197 0.25646
24 198 -0.586594
24 199 -0.0387603
24 200 0.028502
24 201 0.0141579
24 217 0.190319
24 218 0.133404
24 219 -0.226242
24 223 -0.203567
24 224 0.0665042
24 225 0.130888
24 226 0.0379103
24 227 -0.382442
24 228 -0.284052
24 238 0.024804
24 239 -0.116416
24 240 -0.111306
25 1 0.419107
25 2 0.0187946
25 3 -0.0138961
25 4 -0.603473
25 5 0.0395958
25 6 0.0513281
25 7 0.13511
25 8 -0.0268455
25 9 0.0103389
25 10 0.297908
25 11 0.112251
25 12 0.131489
25 13 0.12935
25 14 -0.065436
25 15 -0.0377981
25 16 -0.591634
25 17 -0.152284
25 18 0.108843
25 19 -0.0866541
25 20 0.155414
25 21 -0.120735
25 22 -2.31703
25 23 -0.0182226
25 24 0.0973963
25 25 5.44053
25 26 -0.345363
25 27 0.240257
25 28 -0.319414
25 29 -0.137713
25 30 0.165195
25 31 0.191715
25 32 -0.0335297
25 33 0.00763865
25 34 -0.118978
25 35 0.0380288
25 36 -0.0012548
25 37 -0.0898421
25 38 -0.00887094
25 39 -0.00496731
25 40 -0.450282
25 41 0.176858
25 42 0.0113545
25 502 -0.0842196
25 503 -0.00315574
25 504 0.0941937
25 505 -0.933526
25 506 0.276922
25 507 -0.261539
25 508 -0.848375
25 509 0.151087
25 510 -0.229631
25 511 0.143891
25 512 -0.119795
25 513 -0.218369
25 532 -0.271537
25 533 -0.0603156
25 534 -0.0414452
26 1 -0.0237969
26 2 0.152578
26 3 0.010873
26 4 0.0240965
26 5 -0.209717
26 6 -0.0502145
26 7 0.0145384
26 8 0.511111
26 9 -0.0372251
26 10 0.423404
26 11 0.253911
26 12 -0.201122
26 13 0.01012
26 14 0.132614
26 15 -0.0228859
26 16 -0.300293
26 17 -0.385081
26 18 0.209334
26 19 0.268459
26 20 -0.992469
26 21 0.230203
26 22 0.381506
26 23 -0.805277
26 24 -0.122523
26 25 -0.345363
26 26 3.88075
26 27 -0.323729
26 28 -0.420358
26 29 -1.17296
26 30 0.357893
26 31 0.0334812
26 32 0.21521
26 33 0.0491169
26 34 0.0345378
26 35 -0.0618727
26 36 -0.0297634
26 37 -0.0747331
26 38 -0.204213
26 39 0.0115859
26 40 0.0214381
26 41 -0.522653
26 42 -0.142266
26 502 -0.000481929
26 503 -0.0547896
26 504 -0.0162414
26 505 0.0962022
26 506 -0.0964876
26 507 0.053859
26 508 0.304587
26 509 -0.743434
26 510 0.346188
26 511 -0.315548
26 512 0.409077
26 513 -0.271275
26 532 -0.134376
26 533 -0.217705
26 534 -0.041624
27 1 0.0740526
27 2 0.0143699
27 3 0.0876166
27 4 0.0411205
27 5 -0.0520073
27 6 -0.317231
27 7 0.00318507
27 8 -0.0465782
27 9 -0.220585
27 10 0.0764253
27 11 -0.29793
27 12 -0.128097
27 13 -0.115529
27 14 -0.0303704
27 15 0.0617841
27 16 0.0843162
27 17 0.1902
27 18 -0.181401
27 19 -0.12231
27 20 0.260411
27 21 0.181262
27 22 -0.292732
27 23 -0.105541
27 24 -0.319697
27 25 0.240257
27 26 -0.323729
27 27 1.54528
27 28 0.125885
27 29 0.375158
27 30 -0.183498
27 31 0.0283936
27 32 0.0484088
27 33 0.0210101
27 34 -0.0143249
27 35 -0.02525
27 36 -0.038315
27 37 5.71024e-05
27 38 0.0117734
27 39 0.0102781
27 40 -0.116597
27 41 -0.133723
27 42 -0.0830498
27 502 0.0296497
27 503 -0.0251051
27 504 -0.00252932
27 505 0.135758
27 506 0.0932835
27 507 0.0921209
27 508 -0.181493
27 509 0.36474
27 510 -0.313166
27 511 -0.00600353
27 512 -0.262768
27 513 0.0459254
27 532 -0.00171181
27 533 -0.0451605
27 534 -0.0422938
28 1 0.0329034
28 2 -0.0953176
28 3 0.0505498
28 4 0.0352294
28 5 0.103996
28 6 -0.0516779
28 7 -0.687121
28 8 0.189068
28 9 -0.157658
28 10 -1.52121
28 11 0.197763
28 12 -0.0593416
28 13 -0.133586
28 14 0.00146407
28 15 -0.00104093
28 16 0.830513
28 17 -0.0288327
28 18 -0.133707
28 19 0.481788
28 20 -0.148927
28 21 0.152133
28 22 -0.421684
28 23 0.705995
28 24 -0.215134
28 25 -0.319414
28 26 -0.420358
28 27 0.125885
28 28 6.53394
28 29 -0.582058
28 30 -0.35437
28 187 0.245947
28 188 0.00254638
28 189 -0.0336244
28 190 -0.42131
28 191 0.140351
28 192 0.00143341
28 193 0.141665
28 194 -0.224411
28 195 0.164256
28 196 -1.9616
28 197 0.621583
28 198 0.190387
28 502 0.583005
28 503 0.074585
28 504 -0.11327
28 505 -0.4226
28 506 -0.2534
28 507 0.0542405
28 508 -2.43162
28 509 -0.0358562
28 510 0.235896
28 511 -0.265115
28 512 -0.283566
28 513 0.149255
28 1141 0.0925058
28 1142 -0.0356126
28 1143 -0.00107617
28 1144 -0.893896
28 1145 0.157325
28 1146 0.0628666
28 1147 0.348928
28 1148 -0.218212
28 1149 -0.0237154
28 1150 -0.0400638
28 1151 0.130587
28 1152 -0.0974962
28 1333 -0.0180206
28 1334 0.0129859
28 1335 0.00402606
28 1336 0.195822
28 1337 0.0628708
28 1338 -0.0713715
28 1339 0.882474
28 1340 -0.139031
28 1341 0.0127538
28 1342 -0.80039
28 1343 0.0463765
28 1344 0.10703
28 1444 0.00801696
28 1445 0.016298
28 1446 0.000744507
29 1 0.00273718
29 2 -0.00962372
29 3 0.00157233
29 4 0.0071543
29 5 0.0088295
29 6 -0.0295882
29 7 0.335565
29 8 -1.29349
29 9 0.237566
29 10 0.297235
29 11 -1.59651
29 12 0.339592
29 13 -0.0017849
29 14 -0.142609
29 15 0.0606172
29 16 -0.137137
29 17 0.79502
29 18 -0.306606
29 19 0.0384532
29 20 0.931126
29 21 -0.210512
29 22 0.265698
29 23 -0.632023
29 24 0.206717
29 25 -0.137713
29 26 -1.17296
29 27 0.375158
29 28 -0.582058
29 29 4.08815
29 30 -0.573618
29 187 0.0674501
29 188 0.0636667
29 189 -0.0766052
29 190 0.0227954
29 191 -0.0989278
29 192 0.0739948
29 193 -0.426022
29 194 0.266009
29 195 0.0324233
29 196 0.281257
29 197 -0.502432
29 198 0.221814
29 502 -0.00706449
29 503 0.150844
29 504 0.0413234
29 505 -0.0874337
29 506 -0.151084
29 507 0.0813456
29 508 0.248472
29 509 -0.340813
29 510 -0.218613
29 511 -0.240156
29 512 -0.23206
29 513 0.201487
29 1141 -0.0266641
29 1142 0.00672559
29 1143 0.106418
