%%MatrixMarket matrix coordinate real general
55 55 535
1 1 1.95202e-05
1 2 1.86626e-08
1 3 4.2787e-07
1 4 0.00054046
1 5 1.85037e-08
1 6 9.4021e-06
1 13 1.34918e-10
1 15 1.72472e-05
1 16 0.000326784
2 1 1.86626e-08
2 2 6.45177e-05
2 3 0.000107376
2 4 0.00119736
2 5 1.64685e-05
2 21 8.96468e-09
2 23 7.38226e-09
2 24 0.000913921
2 25 1.46104e-09
3 1 4.2787e-07
3 2 0.000107376
3 3 0.00230349
3 4 0.00953402
3 15 2.87312e-06
3 23 5.8925e-08
3 24 0.00539691
3 41 1.64463e-06
3 44 0.000243636
4 1 0.00054046
4 2 0.00119736
4 3 0.00953402
4 4 0.211586
4 5 0.00291816
4 6 0.00158231
4 7 0.0020497
4 15 0.00255434
4 16 0.0431644
4 19 0.0122878
4 24 0.0720921
4 41 0.00184187
4 42 0.000756121
4 44 0.00265918
4 47 0.00250024
5 1 1.85037e-08
5 2 1.64685e-05
5 4 0.00291816
5 5 0.000825319
5 6 8.57847e-08
5 7 1.89938e-07
5 18 1.57427e-08
5 19 0.00250047
5 20 3.56862e-08
5 21 3.11907e-05
5 24 0.00639354
6 1 9.4021e-06
6 4 0.00158231
6 5 8.57847e-08
6 6 0.000298107
6 7 0.000146781
6 8 9.4021e-06
6 11 0.00158231
6 12 8.57847e-08
6 13 4.95145e-10
6 16 0.00276347
7 4 0.0020497
7 5 1.89938e-07
7 6 0.000146781
7 7 0.00143552
7 11 0.0020497
7 12 1.89938e-07
7 16 0.00539585
7 18 6.76258e-05
7 19 0.00205002
7 27 0.00205002
7 35 0.00539594
7 42 6.76144e-05
7 47 1.90014e-07
7 49 1.90014e-07
7 52 0.000146791
8 6 9.4021e-06
8 8 1.95202e-05
8 9 1.86626e-08
8 10 4.2787e-07
8 11 0.00054046
8 12 1.85037e-08
8 13 1.34918e-10
8 16 0.000326784
8 17 1.72472e-05
9 8 1.86626e-08
9 9 6.45177e-05
9 10 0.000107376
9 11 0.00119736
9 12 1.64685e-05
9 29 8.96468e-09
9 31 0.000913921
9 32 7.38226e-09
9 33 1.46104e-09
10 8 4.2787e-07
10 9 0.000107376
10 10 0.00230349
10 11 0.00953402
10 17 2.87312e-06
10 31 0.00539691
10 32 5.8925e-08
10 43 1.64463e-06
10 48 0.000243636
11 6 0.00158231
11 7 0.0020497
11 8 0.00054046
11 9 0.00119736
11 10 0.00953402
11 11 0.211586
11 12 0.00291816
11 16 0.0431644
11 17 0.00255434
11 27 0.0122878
11 31 0.0720921
11 42 0.000756121
11 43 0.00184187
11 48 0.00265918
11 49 0.00250024
12 6 8.57847e-08
12 7 1.89938e-07
12 8 1.85037e-08
12 9 1.64685e-05
12 11 0.00291816
12 12 0.000825319
12 18 1.57427e-08
12 27 0.00250047
12 28 3.56862e-08
12 29 3.11907e-05
12 31 0.00639354
13 1 1.34918e-10
13 6 4.95145e-10
13 8 1.34918e-10
13 13 2.90076e-10
13 14 3.47048e-11
13 15 1.48687e-10
13 16 1.70548e-07
13 17 1.48687e-10
14 13 3.47048e-11
14 14 6.81862e-10
14 15 5.29938e-10
14 16 2.97732e-07
14 17 5.29938e-10
14 40 1.47049e-09
15 1 1.72472e-05
15 3 2.87312e-06
15 4 0.00255434
15 13 1.48687e-10
15 14 5.29938e-10
15 15 0.000289357
15 16 0.00134937
15 40 1.06269e-08
15 41 7.28248e-05
16 1 0.000326784
16 4 0.0431644
16 6 0.00276347
16 7 0.00539585
16 8 0.000326784
16 11 0.0431644
16 13 1.70548e-07
16 14 2.97732e-07
16 15 0.00134937
16 16 0.144683
16 17 0.00134937
16 40 1.01657e-05
16 41 0.0016562
16 42 0.0018621
16 43 0.0016562
17 8 1.72472e-05
17 10 2.87312e-06
17 11 0.00255434
17 13 1.48687e-10
17 14 5.29938e-10
17 16 0.00134937
17 17 0.000289357
17 40 1.06269e-08
17 43 7.28248e-05
18 5 1.57427e-08
18 7 6.76258e-05
18 12 1.57427e-08
18 18 0.000123976
18 19 0.000756272
18 20 2.10972e-05
18 27 0.000756272
18 28 2.10972e-05
18 35 0.00186218
18 36 2.47891e-08
19 4 0.0122878
19 5 0.00250047
19 7 0.00205002
19 18 0.000756272
19 19 0.211594
19 20 0.00184222
19 21 0.00265943
19 22 0.00953296
19 24 0.0720915
19 35 0.0431652
19 37 0.00255434
19 46 0.00119729
19 47 0.0029182
19 52 0.00158241
19 53 0.000540469
20 5 3.56862e-08
20 18 2.10972e-05
20 19 0.00184222
20 20 0.000196299
20 21 1.97103e-07
20 22 1.64566e-06
20 35 0.00165627
20 36 3.79787e-08
20 37 7.28325e-05
21 2 8.96468e-09
21 5 3.11907e-05
21 19 0.00265943
21 20 1.97103e-07
21 21 0.000243926
21 22 0.000243628
21 24 0.00194623
21 25 2.89979e-09
21 26 1.79734e-08
22 19 0.00953296
22 20 1.64566e-06
22 21 0.000243628
22 22 0.00230302
22 24 0.00539635
22 26 5.89165e-08
22 37 2.87409e-06
22 46 0.000107357
22 53 4.28039e-07
23 2 7.38226e-09
23 3 5.8925e-08
23 23 4.08682e-08
23 24 5.67494e-06
23 25 1.08788e-09
23 26 2.03193e-09
23 44 1.79731e-08
23 45 1.46336e-09
24 2 0.000913921
24 3 0.00539691
24 4 0.0720921
24 5 0.00639354
24 19 0.0720915
24 21 0.00194623
24 22 0.00539635
24 23 5.67494e-06
24 24 0.211839
24 25 8.11513e-07
24 26 5.67458e-06
24 44 0.0019461
24 45 8.11429e-07
24 46 0.000913843
24 47 0.00639321
25 2 1.46104e-09
25 21 2.89979e-09
25 23 1.08788e-09
25 24 8.11513e-07
25 25 3.13689e-09
25 26 1.46345e-09
26 21 1.79734e-08
26 22 5.89165e-08
26 23 2.03193e-09
26 24 5.67458e-06
26 25 1.46345e-09
26 26 4.08649e-08
26 45 1.08778e-09
26 46 7.3809e-09
27 7 0.00205002
27 11 0.0122878
27 12 0.00250047
27 18 0.000756272
27 27 0.211594
27 28 0.00184222
27 29 0.00265943
27 30 0.00953296
27 31 0.0720915
27 35 0.0431652
27 39 0.00255434
27 49 0.0029182
27 50 0.00119729
27 52 0.00158241
27 55 0.000540469
28 12 3.56862e-08
28 18 2.10972e-05
28 27 0.00184222
28 28 0.000196299
28 29 1.97103e-07
28 30 1.64566e-06
28 35 0.00165627
28 36 3.79787e-08
28 39 7.28325e-05
29 9 8.96468e-09
29 12 3.11907e-05
29 27 0.00265943
29 28 1.97103e-07
29 29 0.000243926
29 30 0.000243628
29 31 0.00194623
29 33 2.89979e-09
29 34 1.79734e-08
30 27 0.00953296
30 28 1.64566e-06
30 29 0.000243628
30 30 0.00230302
30 31 0.00539635
30 34 5.89165e-08
30 39 2.87409e-06
30 50 0.000107357
30 55 4.28039e-07
31 9 0.000913921
31 10 0.00539691
31 11 0.0720921
31 12 0.00639354
31 27 0.0720915
31 29 0.00194623
31 30 0.00539635
31 31 0.211839
31 32 5.67494e-06
31 33 8.11513e-07
31 34 5.67458e-06
31 48 0.0019461
31 49 0.00639321
31 50 0.000913843
31 51 8.11429e-07
32 9 7.38226e-09
32 10 5.8925e-08
32 31 5.67494e-06
32 32 4.08682e-08
32 33 1.08788e-09
32 34 2.03193e-09
32 48 1.79731e-08
32 51 1.46336e-09
33 9 1.46104e-09
33 29 2.89979e-09
33 31 8.11513e-07
33 32 1.08788e-09
33 33 3.13689e-09
33 34 1.46345e-09
34 29 1.79734e-08
34 30 5.89165e-08
34 31 5.67458e-06
34 32 2.03193e-09
34 33 1.46345e-09
34 34 4.08649e-08
34 50 7.3809e-09
34 51 1.08778e-09
35 7 0.00539594
35 18 0.00186218
35 19 0.0431652
35 20 0.00165627
35 27 0.0431652
35 28 0.00165627
35 35 0.144673
35 36 1.0149e-05
35 37 0.00134927
35 38 2.97167e-07
35 39 0.00134927
35 52 0.00276321
35 53 0.000326749
35 54 1.7021e-07
35 55 0.000326749
36 18 2.47891e-08
36 20 3.79787e-08
36 28 3.79787e-08
36 35 1.0149e-05
36 36 1.17532e-07
36 37 1.06017e-08
36 38 1.46687e-09
36 39 1.06017e-08
37 19 0.00255434
37 20 7.28325e-05
37 22 2.87409e-06
37 35 0.00134927
37 36 1.06017e-08
37 37 0.00028934
37 38 5.28577e-10
37 53 1.72461e-05
37 54 1.48293e-10
38 35 2.97167e-07
38 36 1.46687e-09
38 37 5.28577e-10
38 38 6.8012e-10
38 39 5.28577e-10
38 54 3.46137e-11
39 27 0.00255434
39 28 7.28325e-05
39 30 2.87409e-06
39 35 0.00134927
39 36 1.06017e-08
39 38 5.28577e-10
39 39 0.00028934
39 54 1.48293e-10
39 55 1.72461e-05
40 14 1.47049e-09
40 15 1.06269e-08
40 16 1.01657e-05
40 17 1.06269e-08
40 40 1.17794e-07
40 41 3.80604e-08
40 42 2.48419e-08
40 43 3.80604e-08
41 3 1.64463e-06
41 4 0.00184187
41 15 7.28248e-05
41 16 0.0016562
41 40 3.80604e-08
41 41 0.000196255
41 42 2.10924e-05
41 44 1.96893e-07
41 47 3.56415e-08
42 4 0.000756121
42 7 6.76144e-05
42 11 0.000756121
42 16 0.0018621
42 40 2.48419e-08
42 41 2.10924e-05
42 42 0.000123952
42 43 2.10924e-05
42 47 1.57237e-08
42 49 1.57237e-08
43 10 1.64463e-06
43 11 0.00184187
43 16 0.0016562
43 17 7.28248e-05
43 40 3.80604e-08
43 42 2.10924e-05
43 43 0.000196255
43 48 1.96893e-07
43 49 3.56415e-08
44 3 0.000243636
44 4 0.00265918
44 23 1.79731e-08
44 24 0.0019461
44 41 1.96893e-07
44 44 0.000243887
44 45 2.8993e-09
44 46 8.96269e-09
44 47 3.11834e-05
45 23 1.46336e-09
45 24 8.11429e-07
45 26 1.08778e-09
45 44 2.8993e-09
45 45 3.13647e-09
45 46 1.46075e-09
46 19 0.00119729
46 22 0.000107357
46 24 0.000913843
46 26 7.3809e-09
46 44 8.96269e-09
46 45 1.46075e-09
46 46 6.45104e-05
46 47 1.64675e-05
46 53 1.86746e-08
47 4 0.00250024
47 7 1.90014e-07
47 19 0.0029182
47 24 0.00639321
47 41 3.56415e-08
47 42 1.57237e-08
47 44 3.11834e-05
47 46 1.64675e-05
47 47 0.000825244
47 52 8.58599e-08
47 53 1.85193e-08
48 10 0.000243636
48 11 0.00265918
48 31 0.0019461
48 32 1.79731e-08
48 43 1.96893e-07
48 48 0.000243887
48 49 3.11834e-05
48 50 8.96269e-09
48 51 2.8993e-09
49 7 1.90014e-07
49 11 0.00250024
49 27 0.0029182
49 31 0.00639321
49 42 1.57237e-08
49 43 3.56415e-08
49 48 3.11834e-05
49 49 0.000825244
49 50 1.64675e-05
49 52 8.58599e-08
49 55 1.85193e-08
50 27 0.00119729
50 30 0.000107357
50 31 0.000913843
50 34 7.3809e-09
50 48 8.96269e-09
50 49 1.64675e-05
50 50 6.45104e-05
50 51 1.46075e-09
50 55 1.86746e-08
51 31 8.11429e-07
51 32 1.46336e-09
51 34 1.08778e-09
51 48 2.8993e-09
51 50 1.46075e-09
51 51 3.13647e-09
52 7 0.000146791
52 19 0.00158241
52 27 0.00158241
52 35 0.00276321
52 47 8.58599e-08
52 49 8.58599e-08
52 52 0.000298109
52 53 9.40201e-06
52 54 4.93825e-10
52 55 9.40201e-06
53 19 0.000540469
53 22 4.28039e-07
53 35 0.000326749
53 37 1.72461e-05
53 46 1.86746e-08
53 47 1.85193e-08
53 52 9.40201e-06
53 53 1.95199e-05
53 54 1.3456e-10
54 35 1.7021e-07
54 37 1.48293e-10
54 38 3.46137e-11
54 39 1.48293e-10
54 52 4.93825e-10
54 53 1.3456e-10
54 54 2.89309e-10
54 55 1.3456e-10
55 27 0.000540469
55 30 4.28039e-07
55 35 0.000326749
55 39 1.72461e-05
55 49 1.85193e-08
55 50 1.86746e-08
55 52 9.40201e-06
55 54 1.3456e-10
55 55 1.95199e-05
