%%MatrixMarket matrix coordinate real general
885 885 58383
1 1 0.139946
1 2 -0.00105431
1 3 -0.000173701
1 4 -0.00692799
1 5 0.000685859
1 6 0.000541468
1 7 -0.00121464
1 8 0.000676618
1 9 -0.00104473
1 10 -0.0103012
1 11 -0.0269507
1 12 0.0254567
1 13 0.0201028
1 14 -3.92822e-06
1 15 -3.07959e-06
1 16 0.0226308
1 17 1.51757e-05
1 18 0.000244581
1 19 0.00706563
1 20 -8.19542e-05
1 21 -0.000100935
1 22 -0.230624
1 23 0.0015507
1 24 0.00325157
1 25 0.0156425
1 26 -0.00268749
1 27 -0.00208924
1 28 -0.00415303
1 29 -0.00289307
1 30 0.00478156
1 31 -0.000165193
1 32 -0.000101657
1 33 6.8847e-06
1 34 0.0225451
1 35 7.70588e-06
1 36 -1.0875e-08
1 37 0.00889557
1 38 -7.07707e-06
1 39 -3.11913e-07
1 40 0.00299096
1 41 0.000415927
1 42 -2.79503e-05
1 43 -0.0105643
1 44 -6.62868e-05
1 45 6.47154e-05
1 46 -0.0153983
1 47 3.72709e-06
1 48 3.03661e-06
1 49 0.00823631
1 50 -3.01683e-07
1 51 8.54663e-08
1 52 0.0396942
1 53 -7.84861e-05
1 54 -0.000280791
1 124 -0.00123918
1 125 2.11881e-05
1 126 1.44591e-05
1 130 -0.0309242
1 131 -0.000760419
1 132 0.000570124
1 133 -0.00145248
1 134 0.00330023
1 135 -0.000277147
1 139 0.00749515
1 140 -2.58014e-08
1 141 -3.7166e-07
1 145 0.000655612
1 146 -8.42116e-05
1 147 -5.7609e-05
1 151 0.0409084
1 152 0.00398637
1 153 0.000604747
1 154 0.0119514
1 155 1.0822e-07
1 156 7.2098e-08
1 157 0.00412931
1 158 0.00021392
1 159 -0.000158194
1 160 -0.0996
1 161 0.0025094
1 162 -0.00274111
1 163 0.000230666
1 164 -8.16494e-07
1 165 -5.97369e-08
1 166 0.0177879
1 167 0.000353723
1 168 9.03932e-06
1 169 0.00569122
1 170 1.40696e-05
1 171 -0.000299106
1 172 0.106165
1 173 -0.000905522
1 174 -0.00183642
1 175 -0.0710879
1 176 0.0219522
1 177 -0.0264279
2 1 -0.00105431
2 2 0.140723
2 3 -0.0156004
2 4 0.000485343
2 5 -0.00671087
2 6 0.000138301
2 7 -0.000524499
2 8 -0.00299578
2 9 0.000742332
2 10 -0.000260011
2 11 -0.015157
2 12 0.00247259
2 13 3.77462e-07
2 14 0.0200989
2 15 -3.20381e-06
2 16 4.4645e-05
2 17 0.0226733
2 18 0.000103525
2 19 -5.86911e-05
2 20 0.0070679
2 21 -1.46108e-05
2 22 0.00274625
2 23 -0.230701
2 24 0.0462799
2 25 -0.00190232
2 26 0.0147684
2 27 -0.000542668
2 28 0.00237091
2 29 0.00367958
2 30 -0.00311262
2 31 -0.000105112
2 32 -0.000337584
2 33 -4.36009e-06
2 34 7.77963e-06
2 35 0.0225535
2 36 2.13118e-07
2 37 -6.9325e-06
2 38 0.00889063
2 39 -1.11291e-07
2 40 0.000429929
2 41 0.00369485
2 42 1.78134e-05
2 43 -0.000157188
2 44 -0.00709006
2 45 0.000692334
2 46 7.82988e-06
2 47 -0.0155523
2 48 -3.35051e-05
2 49 -3.95287e-07
2 50 0.0082349
2 51 -6.60415e-08
2 52 -0.000117792
2 53 0.0309465
2 54 -0.00171186
2 124 2.16853e-05
2 125 -0.00129034
2 126 -1.43254e-06
2 130 0.00218559
2 131 -0.0345248
2 132 0.0293482
2 133 0.000306851
2 134 0.0048778
2 135 0.00596872
2 139 4.56659e-08
2 140 0.00749551
2 141 -1.66421e-07
2 145 -8.62571e-05
2 146 0.000858978
2 147 5.89509e-06
2 151 -0.00447144
2 152 0.0547377
2 153 -0.0359564
2 154 1.03164e-07
2 155 0.0119512
2 156 1.56838e-08
2 157 5.80583e-05
2 158 0.00393392
2 159 0.00031195
2 160 0.00143177
2 161 -0.102395
2 162 0.0179058
2 163 -8.30969e-07
2 164 0.000232282
2 165 -6.54608e-10
2 166 0.000765021
2 167 0.012032
2 168 -0.00115238
2 169 1.14048e-05
2 170 0.00567719
2 171 -0.000227764
2 172 -0.00552189
2 173 0.110054
2 174 -0.0931328
2 175 0.00342479
2 176 -0.0801314
2 177 0.047131
3 1 -0.000173701
3 2 -0.0156004
3 3 0.138056
3 4 0.0007243
3 5 -0.000148757
3 6 -0.0070747
3 7 -0.00043221
3 8 0.000183626
3 9 -0.00174282
3 10 0.00239939
3 11 5.47755e-06
3 12 -0.0132732
3 13 -7.21397e-06
3 14 2.93417e-06
3 15 0.0201055
3 16 0.000228192
3 17 0.000117957
3 18 0.022674
3 19 -0.000118719
3 20 1.84897e-05
3 21 0.00710354
3 22 0.0023532
3 23 0.0461907
3 24 -0.228565
3 25 -0.00280599
3 26 0.000579782
3 27 0.0161983
3 28 0.00214048
3 29 -0.000676959
3 30 -0.00181507
3 31 4.88756e-05
3 32 -7.90412e-05
3 33 -0.000274594
3 34 -8.93363e-07
3 35 1.78264e-06
3 36 0.0225498
3 37 -3.40148e-06
3 38 2.13268e-06
3 39 0.00889325
3 40 -0.000199379
3 41 0.00032036
3 42 0.00343642
3 43 0.00123717
3 44 0.000914162
3 45 -0.0135708
3 46 -5.18911e-05
3 47 -3.97804e-05
3 48 -0.015226
3 49 3.61801e-06
3 50 -7.11205e-07
3 51 0.0082364
3 52 -0.000618448
3 53 -0.00185078
3 54 0.0467205
3 124 1.54615e-05
3 125 -2.509e-06
3 126 -0.00128288
3 130 -0.000988925
3 131 0.029538
3 132 -0.0260226
3 133 0.000346561
3 134 0.00693852
3 135 0.00860145
3 139 -3.8079e-07
3 140 -6.91569e-10
3 141 0.00749587
3 145 -6.1711e-05
3 146 1.02757e-05
3 147 0.000829502
3 151 0.00557136
3 152 -0.0347194
3 153 0.0291423
3 154 6.1739e-08
3 155 2.69612e-08
3 156 0.0119512
3 157 -6.20797e-05
3 158 0.000318852
3 159 0.00451595
3 160 -0.00186251
3 161 0.0179723
3 162 -0.0945627
3 163 4.23955e-08
3 164 -2.41993e-07
3 165 0.000231462
3 166 -0.00453848
3 167 -0.00192511
3 168 0.0232918
3 169 -0.000305399
3 170 -0.000233569
3 171 0.0056122
3 172 8.18386e-05
3 173 -0.0950072
3 174 0.094734
3 175 -0.00288888
3 176 0.0467935
3 177 -0.0782611
4 1 -0.00692799
4 2 0.000485343
4 3 0.0007243
4 4 0.19058
4 5 -0.000433819
4 6 -0.00202499
4 7 -0.0402916
4 8 -0.000263639
4 9 0.00158947
4 10 -0.00921486
4 11 0.0340341
4 12 -0.031987
4 13 0.00514309
4 14 8.26217e-06
4 15 1.11238e-05
4 16 -0.00147613
4 17 -5.39214e-05
4 18 -0.000135907
4 19 -0.0225422
4 20 0.000108735
4 21 0.000242283
4 22 0.021063
4 23 -0.00190446
4 24 -0.0028028
4 25 -0.256319
4 26 0.00704867
4 27 0.000617454
4 28 0.118728
4 29 0.00802701
4 30 -0.00355757
4 31 0.000409666
4 32 0.0001017
4 33 4.78218e-05
4 34 -0.00290985
4 35 -1.20635e-05
4 36 -2.14313e-07
4 37 -0.022344
4 38 1.76041e-05
4 39 4.5125e-06
4 40 0.0152532
4 41 -0.000583233
4 42 -0.000553165
4 244 -0.00970768
4 245 -3.59958e-05
4 246 1.81451e-05
4 247 0.00335642
4 248 -2.67056e-08
4 249 -2.70371e-07
4 268 -0.00496156
4 269 1.1628e-05
4 270 -0.000226833
4 271 -0.0272041
4 272 -0.0157704
4 273 0.0121714
4 274 0.0409281
4 275 -3.29201e-07
4 276 8.05077e-06
4 277 0.00230894
4 278 -3.06818e-07
4 279 7.95353e-06
4 280 -0.113967
4 281 -0.00550087
4 282 0.00734343
4 283 0.0823494
4 284 -0.00709583
4 285 -0.00329821
4 286 0.00245332
4 287 -4.62468e-05
4 288 0.000901308
4 289 0.00976231
4 290 0.000134078
4 291 9.00208e-05
4 292 -0.023685
4 293 -1.61036e-06
4 294 -1.07702e-06
4 295 0.0153314
4 296 -1.29951e-07
4 297 -1.22189e-06
4 298 0.010763
4 299 -0.00053387
4 300 -0.000359289
4 301 0.0443874
4 302 3.35813e-06
4 303 -1.27089e-07
4 304 0.0127865
4 305 -3.49039e-06
4 306 -3.79036e-07
4 307 0.00665839
4 308 0.00014642
4 309 -7.29261e-05
4 331 -0.0614169
4 332 -0.0180774
4 333 0.020851
4 334 0.0185142
4 335 0.000169727
4 336 0.000339435
5 1 0.000685859
5 2 -0.00671087
5 3 -0.000148757
5 4 -0.000433819
5 5 0.195932
5 6 -0.016484
5 7 -0.00320298
5 8 -0.0565092
5 9 0.0385258
5 10 -0.00148857
5 11 -0.0139337
5 12 0.0386934
5 13 2.98108e-06
5 14 0.00514478
5 15 1.06919e-05
5 16 -7.26883e-05
5 17 -0.00147877
5 18 1.68322e-06
5 19 0.000325218
5 20 -0.0228454
5 21 -0.00172179
5 22 -0.00269098
5 23 0.0201928
5 24 0.000589392
5 25 0.00370243
5 26 -0.270077
5 27 0.0475642
5 28 0.00298688
5 29 0.156015
5 30 -0.106181
5 31 4.78559e-05
5 32 -0.00109293
5 33 0.000336199
5 34 -1.22704e-05
5 35 -0.00291785
5 36 -4.32302e-07
5 37 2.17378e-05
5 38 -0.0220897
5 39 -4.25024e-05
5 40 -0.000525554
5 41 0.0175053
5 42 -0.000611876
5 244 -4.78344e-05
5 245 -0.00977089
5 246 -1.83735e-06
5 247 -9.49921e-08
5 248 0.00335569
5 249 -1.21149e-07
5 268 -0.00017521
5 269 -0.0051307
5 270 0.000108592
5 271 0.000713032
5 272 -0.00920827
5 273 0.00225478
5 274 3.41352e-06
5 275 0.0409336
5 276 -1.70762e-06
5 277 1.73351e-05
5 278 0.00231558
5 279 -1.06945e-05
5 280 -0.00237406
5 281 -0.122695
5 282 0.0240413
5 283 0.0123727
5 284 0.122492
5 285 -0.066859
5 286 0.00068769
5 287 0.00312543
5 288 -0.000426378
5 289 0.000127823
5 290 0.0100471
5 291 2.35445e-05
5 292 -1.48743e-06
5 293 -0.0236885
5 294 -3.11263e-07
5 295 -7.7847e-07
5 296 0.0153304
5 297 1.81045e-07
5 298 -0.000508312
5 299 0.00962867
5 300 -9.42187e-05
5 301 3.58714e-06
5 302 0.0443933
5 303 2.93921e-07
5 304 -3.37088e-06
5 305 0.0127804
5 306 -3.3455e-07
5 307 0.000194175
5 308 0.00691634
5 309 7.63435e-06
5 331 -0.0107165
5 332 -0.124346
5 333 0.0404859
5 334 0.000340727
5 335 0.0227935
5 336 -0.000846833
6 1 0.000541468
6 2 0.000138301
6 3 -0.0070747
6 4 -0.00202499
6 5 -0.016484
6 6 0.183281
6 7 0.00265286
6 8 0.0369735
6 9 -0.0250002
6 10 -0.00284689
6 11 0.0399301
6 12 0.00827216
6 13 1.62113e-05
6 14 3.03091e-06
6 15 0.0051301
6 16 -0.000122438
6 17 -2.52006e-05
6 18 -0.00140564
6 19 0.000192008
6 20 -0.00164297
6 21 -0.0218087
6 22 -0.00208592
6 23 -0.000533674
6 24 0.0216012
6 25 0.0029548
6 26 0.0474691
6 27 -0.242965
6 28 0.00118085
6 29 -0.10109
6 30 0.0827805
6 31 -0.000681536
6 32 0.000629602
6 33 0.00255814
6 34 4.04085e-06
6 35 -3.47748e-06
6 36 -0.00291383
6 37 4.55594e-05
6 38 -5.53792e-05
6 39 -0.0225667
6 40 -0.000645004
6 41 -0.00143459
6 42 0.0115908
6 244 0.000103879
6 245 -5.6888e-05
6 246 -0.00978281
6 247 7.50691e-07
6 248 -1.68118e-07
6 249 0.00335758
6 268 -0.000215229
6 269 -2.31519e-05
6 270 -0.0051984
6 271 0.00227139
6 272 0.00605639
6 273 -0.00977448
6 274 7.73891e-06
6 275 9.65429e-07
6 276 0.0409367
6 277 7.01359e-06
6 278 2.58235e-07
6 279 0.0023178
6 280 0.00501196
6 281 0.0240744
6 282 -0.0973259
6 283 -0.0123399
6 284 -0.0649107
6 285 0.0439757
6 286 0.000855524
6 287 9.24678e-05
6 288 0.00339438
6 289 7.76493e-05
6 290 2.6068e-05
6 291 0.0100056
6 292 -8.3786e-07
6 293 -3.5883e-07
6 294 -0.023688
6 295 -1.14403e-06
6 296 -1.17614e-07
6 297 0.0153292
6 298 -0.000308921
6 299 -0.000104456
6 300 0.00979299
6 301 -1.78939e-06
6 302 1.36732e-06
6 303 0.0443912
6 304 -1.3097e-06
6 305 9.76948e-08
6 306 0.0127835
6 307 -0.000419578
6 308 0.000229791
6 309 0.00696168
6 331 0.002267
6 332 0.0311809
6 333 -0.0557224
6 334 0.00345044
6 335 -0.00122979
6 336 0.0129131
7 1 -0.00121464
7 2 -0.000524499
7 3 -0.00043221
7 4 -0.0402916
7 5 -0.00320298
7 6 0.00265286
7 7 0.383097
7 8 -0.0100311
7 9 -0.00659655
7 10 0.195287
7 11 -0.110759
7 12 0.0279677
7 13 0.00321038
7 14 -1.76651e-06
7 15 -9.47592e-06
7 16 0.00808809
7 17 0.000180843
7 18 0.000126227
7 19 0.00474335
7 20 0.000711303
7 21 -7.13437e-06
7 22 -0.00953009
7 23 0.00193855
7 24 0.00164438
7 25 0.109178
7 26 -0.00480727
7 27 0.00569045
7 28 -0.738507
7 29 -0.00251299
7 30 0.00413717
7 130 -0.0114089
7 131 0.00565828
7 132 0.000714433
7 157 -0.000934676
7 158 1.28427e-06
7 159 -1.45957e-05
7 169 0.0118428
7 170 -0.000172043
7 171 -4.40952e-05
7 172 0.0298532
7 173 -0.023303
7 174 -0.00291713
7 268 0.0163224
7 269 6.44092e-05
7 270 0.000451573
7 271 -0.056704
7 272 0.072961
7 273 -0.0207676
7 274 0.0274888
7 275 -4.80325e-07
7 276 -1.71023e-05
7 277 -0.0438309
7 278 -2.02068e-06
7 279 -1.54165e-05
7 280 0.0786632
7 281 0.0173125
7 282 -0.0165424
7 283 -0.266265
7 284 0.045095
7 285 0.0236493
7 286 0.0180533
7 287 -0.000254451
7 288 -0.00179558
7 331 0.138428
7 332 0.011478
7 333 -0.0240272
7 568 -0.00764582
7 569 0.000403819
7 570 7.70158e-05
7 571 -0.00469431
7 572 -0.000129293
7 573 8.23201e-06
7 574 0.0647818
7 575 0.000215516
7 576 -3.29345e-05
7 577 -0.0165555
7 578 -0.00174401
7 579 -0.000290356
7 631 -0.0155595
7 632 -0.000334049
7 633 -0.0021437
7 634 0.0321523
7 635 0.000556281
7 636 0.000794356
7 637 0.0193715
7 638 -3.20099e-06
7 639 4.33856e-06
7 640 0.0228038
7 641 -0.000665678
7 642 0.0110879
7 676 0.0256876
7 677 0.00134639
7 678 -0.00296331
7 703 0.0104973
7 704 7.5367e-07
7 705 -4.60448e-07
8 1 0.000676618
8 2 -0.00299578
8 3 0.000183626
8 4 -0.000263639
8 5 -0.0565092
8 6 0.0369735
8 7 -0.0100311
8 8 0.424156
8 9 -0.0793857
8 10 -0.00973509
8 11 0.235376
8 12 -0.0606588
8 13 -5.62514e-06
8 14 0.00321993
8 15 -9.2323e-06
8 16 -1.01417e-05
8 17 0.0083359
8 18 3.79237e-05
8 19 9.89846e-07
8 20 0.00419307
8 21 0.00413039
8 22 -0.00265895
8 23 -0.00265078
8 24 -0.000759881
8 25 0.00162011
8 26 0.14489
8 27 -0.100954
8 28 0.0289959
8 29 -0.838317
8 30 0.202133
8 130 0.00303659
8 131 -0.00963929
8 132 0.000553356
8 157 -6.36662e-05
8 158 -0.00086773
8 159 -1.30336e-05
8 169 0.000280304
8 170 0.0115331
8 171 -1.24477e-05
8 172 -0.012721
8 173 0.022629
8 174 -0.00228596
8 268 0.000713002
8 269 0.0163533
8 270 -0.000154211
8 271 0.020349
8 272 -0.0379684
8 273 -0.016896
8 274 -1.19593e-05
8 275 0.0274801
8 276 6.05732e-06
8 277 -4.68832e-05
8 278 -0.0438302
8 279 1.15631e-05
8 280 -0.000484684
8 281 0.111572
8 282 -0.0601801
8 283 0.0156181
8 284 -0.37238
8 285 0.136073
8 286 -0.00281727
8 287 0.0179243
8 288 0.000610209
8 331 -0.0202662
8 332 0.21679
8 333 -0.11787
8 568 0.000708772
8 569 -0.0088331
8 570 9.02085e-05
8 571 -0.000163115
8 572 -0.00464588
8 573 7.28629e-06
8 574 0.000168002
8 575 0.0649503
8 576 -3.59753e-05
8 577 -0.00291167
8 578 -0.0119088
8 579 -0.000341159
8 631 0.00327638
8 632 -0.00570472
8 633 -0.0182797
8 634 -0.000934378
8 635 0.0306246
8 636 0.0064003
8 637 -3.88294e-06
8 638 0.0193838
8 639 -5.23937e-06
8 640 -0.0139296
8 641 0.0129371
8 642 0.024852
8 676 0.0010871
8 677 -0.00659167
8 678 0.0465152
8 703 3.84941e-06
8 704 0.0104993
8 705 7.54345e-07
9 1 -0.00104473
9 2 0.000742332
9 3 -0.00174282
9 4 0.00158947
9 5 0.0385258
9 6 -0.0250002
9 7 -0.00659655
9 8 -0.0793857
9 9 0.341939
9 10 0.010811
9 11 -0.0755569
9 12 0.171066
9 13 -5.70166e-06
9 14 -1.4554e-05
9 15 0.00322524
9 16 0.000215035
9 17 -5.26685e-05
9 18 0.00822045
9 19 0.000128105
9 20 0.00383341
9 21 0.00510694
9 22 0.00399515
9 23 -0.0028836
9 24 -0.00753993
9 25 0.000757804
9 26 -0.105165
9 27 0.0792736
9 28 0.00393479
9 29 0.200767
9 30 -0.649338
9 130 0.00212316
9 131 -0.00104733
9 132 -0.00889325
9 157 2.19416e-05
9 158 -5.40924e-05
9 159 -0.000936283
9 169 -0.000261766
9 170 0.000263059
9 171 0.0117119
9 172 -0.00837355
9 173 0.00388621
9 174 0.0194443
9 268 0.000430336
9 269 4.76385e-05
9 270 0.0166836
9 271 0.00856343
9 272 -0.0251623
9 273 -0.0519552
9 274 -1.60324e-05
9 275 -1.30285e-06
9 276 0.0274724
9 277 -1.45163e-05
9 278 -8.36579e-07
9 279 -0.0438441
9 280 -0.00739487
9 281 -0.0620071
9 282 0.0439715
9 283 0.0258747
9 284 0.135898
9 285 -0.154114
9 286 -0.00171112
9 287 -0.000188218
9 288 0.0166126
9 331 -0.00970027
9 332 -0.113107
9 333 -0.00931884
9 568 0.00206361
9 569 -0.00369708
9 570 -0.00839981
9 571 -0.000225743
9 572 0.000263456
9 573 -0.00467378
9 574 -0.000319636
9 575 0.000626988
9 576 0.0648951
9 577 -0.00796615
9 578 0.0142317
9 579 -0.0136079
9 631 0.00502592
9 632 -0.0215723
9 633 -0.0307576
9 634 -0.000949244
9 635 0.00740165
9 636 0.0360047
9 637 3.76861e-06
9 638 -2.20914e-06
9 639 0.0193833
9 640 -0.0183248
9 641 0.0342357
9 642 0.0532335
9 676 -0.00228402
9 677 0.0498892
9 678 0.0573088
9 703 3.92601e-05
9 704 2.14973e-05
9 705 0.010507
10 1 -0.0103012
10 2 -0.000260011
10 3 0.00239939
10 4 -0.00921486
10 5 -0.00148857
10 6 -0.00284689
10 7 0.195287
10 8 -0.00973509
10 9 0.010811
10 10 5.211
10 11 -0.163172
10 12 -0.468118
10 13 0.0226555
10 14 3.24881e-06
10 15 -5.6476e-06
10 16 0.0260111
10 17 0.000314208
10 18 -0.000286518
10 19 0.022964
10 20 0.000330132
10 21 0.0011582
10 22 0.0762831
10 23 0.000915526
10 24 -0.00852515
10 25 0.0637959
10 26 0.000169199
10 27 0.0116868
10 28 -0.61652
10 29 -0.0174913
10 30 -0.0460813
10 31 0.193114
10 32 0.0144075
10 33 0.00218956
10 34 0.0212225
10 35 9.29429e-06
10 36 1.33085e-05
10 37 0.0145491
10 38 -0.000104983
10 39 -8.85731e-05
10 40 -0.706073
10 41 -0.0524493
10 42 -0.00498334
10 43 0.0184771
10 44 -0.0027554
10 45 -0.000316014
10 46 0.0108027
10 47 -1.94112e-07
10 48 -1.87898e-05
10 49 0.0241433
10 50 6.08929e-05
10 51 1.17906e-05
10 52 -0.0587564
10 53 0.0038598
10 54 -0.000301563
10 55 0.105299
10 56 -0.00886649
10 57 0.00541633
10 58 -0.0100017
10 59 0.00080466
10 60 0.00026032
10 61 0.0383272
10 62 3.93067e-05
10 63 -0.000105546
10 64 -0.405241
10 65 0.0250301
10 66 -0.0155096
10 130 0.00710863
10 131 0.0110224
10 132 -0.00757498
10 133 0.102674
10 134 -0.00842062
10 135 -0.0121406
10 151 -0.0539937
10 152 2.6687e-05
10 153 0.0158806
10 157 0.0135262
10 158 -9.2268e-05
10 159 -0.000252995
10 160 -0.0194023
10 161 -0.000138854
10 162 -0.000658803
10 166 -0.0362588
10 167 0.00675711
10 168 0.00156697
10 169 0.0302111
10 170 -0.000713197
10 171 0.000488543
10 172 0.0260729
10 173 -0.0452142
10 174 0.0194925
10 175 -1.39939
10 176 0.104647
10 177 0.213515
10 178 -0.0737058
10 179 0.0111961
10 180 -0.00836023
10 214 0.0519237
10 215 0.0254113
10 216 -0.0260215
10 223 0.0400229
10 224 0.00370806
10 225 0.0068538
10 229 -0.018315
10 230 0.000550895
10 231 0.00120036
10 271 0.362171
10 272 -0.0453087
10 273 -0.0431036
10 280 0.00881148
10 281 0.00576663
10 282 -0.00098945
10 283 -0.313069
10 284 0.0543299
10 285 -0.00191664
10 331 -2.27244
10 332 0.132831
10 333 0.321171
10 334 -0.0172717
10 335 -0.00983743
10 336 -0.0206491
10 337 -0.230597
10 338 -0.0550677
10 339 0.0609978
10 340 -0.070804
10 341 -0.00125791
10 342 -0.029533
10 568 0.204912
10 569 -0.00150701
10 570 -1.87801e-05
10 571 0.020259
10 572 -0.00209565
10 573 0.000350538
10 574 0.0665017
10 575 0.000457408
10 576 0.000268253
10 577 -0.673587
10 578 -0.000196178
10 579 -0.0139754
10 580 -0.0991057
10 581 0.00845426
10 582 0.012435
10 586 0.0288208
10 587 -0.000889862
10 588 -0.00533933
10 589 -0.0138466
10 590 -0.000879351
10 591 0.00959625
10 592 -0.163744
10 593 0.00402433
10 594 0.0123422
10 595 -0.00808069
10 596 0.000144092
10 597 -4.0131e-05
10 598 0.0479997
10 599 0.000370823
10 600 0.000219331
10 631 -0.0468232
10 632 -0.00590625
10 633 0.00936611
10 634 0.0452444
10 635 0.00214885
10 636 -0.00415035
10 640 -0.0358419
10 641 0.00356688
10 642 0.00902432
10 676 0.214444
10 677 0.0192558
10 678 -0.0433818
10 679 -0.0161355
10 680 0.000956577
10 681 -0.0103802
10 682 -0.00352533
10 683 0.00685817
10 684 -0.00704941
10 685 -0.0070965
10 686 -9.2169e-06
10 687 2.38416e-05
10 688 0.0117868
10 689 -0.00268354
10 690 0.0133589
10 691 0.00856441
10 692 -0.00746433
10 693 0.045215
10 694 0.00359288
10 695 -7.18772e-05
10 696 9.0287e-05
10 703 0.0579223
10 704 -0.000145775
10 705 6.35048e-05
10 706 -0.00942368
10 707 -2.75183e-07
10 708 -5.65089e-06
10 709 0.0484965
10 710 -2.91119e-05
10 711 -5.96383e-06
11 1 -0.0269507
11 2 -0.015157
11 3 5.47755e-06
11 4 0.0340341
11 5 -0.0139337
11 6 0.0399301
11 7 -0.110759
11 8 0.235376
11 9 -0.0755569
11 10 -0.163172
11 11 1.98327
11 12 -0.281739
11 13 -1.21634e-05
11 14 0.022678
11 15 -1.06356e-05
11 16 -0.000139384
11 17 0.0264302
11 18 -0.000165106
11 19 0.00214804
11 20 0.0221958
11 21 -0.00134367
11 22 0.0814846
11 23 0.0802587
11 24 -0.00490389
11 25 -0.121724
11 26 0.0599359
11 27 -0.141705
11 28 0.486441
11 29 -0.955539
11 30 0.299227
11 31 0.0181379
11 32 0.0626972
11 33 -0.00922806
11 34 9.32785e-06
11 35 0.021248
11 36 1.15835e-05
11 37 9.57142e-05
11 38 0.0178172
11 39 -0.000405147
11 40 -0.0729244
11 41 -0.39117
11 42 0.04297
11 43 -0.0358456
11 44 0.0152707
11 45 -0.0179759
11 46 0.000242562
11 47 0.0107175
11 48 -3.63755e-06
11 49 6.71246e-05
11 50 0.0242341
11 51 2.26171e-05
11 52 0.115925
11 53 -0.0797757
11 54 0.0577774
11 55 -0.020331
11 56 0.0689176
11 57 -0.0128868
11 58 0.00752437
11 59 -0.00732434
11 60 0.00468664
11 61 2.92346e-05
11 62 0.0386175
11 63 6.00549e-05
11 64 0.0668975
11 65 -0.337074
11 66 0.0419768
11 130 0.0582828
11 131 0.00750926
11 132 0.0053723
11 133 0.00743802
11 134 -0.00018721
11 135 -0.00114308
11 151 -0.0518747
11 152 0.00294962
11 153 0.000527571
11 157 0.00141143
11 158 0.0145863
11 159 0.00031812
11 160 0.0286183
11 161 -0.00482748
11 162 0.00490042
11 166 0.0286674
11 167 -0.00255051
11 168 0.013678
11 169 0.000226716
11 170 0.029707
11 171 0.000404423
11 172 -0.211589
11 173 -0.0484599
11 174 -0.0227918
11 175 0.041951
11 176 -0.177884
11 177 0.0597822
11 178 0.0137287
11 179 -0.00506765
11 180 0.0125448
11 214 -0.00273296
11 215 0.0519232
11 216 -0.0366605
11 223 0.013859
11 224 0.11664
11 225 -0.0113011
11 229 0.000194249
11 230 -0.00359073
11 231 -0.00242585
11 271 -0.111056
11 272 0.143666
11 273 0.0588558
11 280 -0.0246922
11 281 0.0307833
11 282 -0.0246777
11 283 0.125685
11 284 -0.226636
11 285 0.0317816
11 331 -0.0618319
11 332 -0.657754
11 333 -0.177667
11 334 -0.0137411
11 335 0.157959
11 336 0.00341344
11 337 -0.00152058
11 338 -0.145834
11 339 0.022496
11 340 0.0894575
11 341 0.00830778
11 342 -0.0166957
11 568 -0.00116478
11 569 0.0911372
11 570 -0.000154012
11 571 -0.00185091
11 572 0.0396259
11 573 -0.000904115
11 574 0.000344503
11 575 0.0672543
11 576 0.00057289
11 577 0.000132159
11 578 -0.348425
11 579 -0.00366185
11 580 0.00450864
11 581 0.0444417
11 582 0.00866967
11 586 -0.000915591
11 587 0.0193724
11 588 0.00112802
11 589 -0.000594086
11 590 0.0135408
11 591 0.000193432
11 592 0.00302357
11 593 -0.15692
11 594 -0.00500682
11 595 0.000424185
11 596 -0.00678691
11 597 7.52006e-05
11 598 0.000425922
11 599 0.0514307
11 600 -6.19095e-05
11 631 0.038656
11 632 -0.0110633
11 633 -0.0415972
11 634 -0.00886458
11 635 0.0388042
11 636 0.0204942
11 640 -0.0264353
11 641 0.00346732
11 642 0.0118518
11 676 -0.131497
11 677 0.0291025
11 678 0.143993
11 679 0.0202997
11 680 -0.00945286
11 681 -0.00246849
11 682 -0.0675962
11 683 -0.0423666
11 684 0.00342301
11 685 -1.6633e-05
11 686 -0.00694464
11 687 -4.5236e-05
11 688 0.00241811
11 689 0.0107202
11 690 0.0048387
11 691 -0.0171761
11 692 0.0224652
11 693 0.00199272
11 694 -0.00144072
11 695 0.0029461
11 696 9.44934e-05
11 703 -0.000137755
11 704 0.0581393
11 705 -2.36778e-05
11 706 2.75016e-07
11 707 -0.00942473
11 708 -3.53229e-06
11 709 -2.79138e-05
11 710 0.0485369
11 711 -1.72351e-05
12 1 0.0254567
12 2 0.00247259
12 3 -0.0132732
12 4 -0.031987
12 5 0.0386934
12 6 0.00827216
12 7 0.0279677
12 8 -0.0606588
12 9 0.171066
12 10 -0.468118
12 11 -0.281739
12 12 3.81211
12 13 5.96898e-06
12 14 -3.02785e-05
12 15 0.0226738
12 16 -7.42807e-05
12 17 -0.000383477
12 18 0.0261709
12 19 0.000145074
12 20 -0.00144301
12 21 0.0229503
12 22 -0.081124
12 23 -0.0122605
12 24 0.0757345
12 25 0.10877
12 26 -0.139233
12 27 -0.0109989
12 28 -0.0964503
12 29 0.23372
12 30 -0.659655
12 31 -0.102444
12 32 -0.021098
12 33 0.275771
12 34 7.85119e-07
12 35 2.16421e-06
12 36 0.0211824
12 37 0.00352254
12 38 -0.000272225
12 39 0.0109261
12 40 0.357855
12 41 0.112768
12 42 -1.13225
12 43 0.0990605
12 44 -0.0263114
12 45 0.0330596
12 46 -0.00258519
12 47 -1.31291e-05
12 48 0.0107599
12 49 -3.63369e-05
12 50 5.73717e-05
12 51 0.0239248
12 52 -0.335454
12 53 0.0810657
12 54 -0.131816
12 55 0.0630056
12 56 -0.0250411
12 57 0.0932801
12 58 -0.0129305
12 59 0.00632984
12 60 -0.0124001
12 61 1.34454e-05
12 62 0.000111582
12 63 0.0379965
12 64 -0.216208
12 65 0.0764559
12 66 -0.402596
12 130 -0.0505865
12 131 -0.00595536
12 132 0.00793213
12 133 -0.0152572
12 134 -0.00441622
12 135 0.0365777
12 151 0.0456326
12 152 0.00687326
12 153 -0.0158291
12 157 -0.00102479
12 158 9.69765e-05
12 159 0.0146961
12 160 -0.0204883
12 161 0.00263248
12 162 -0.00782321
12 166 -0.0798429
12 167 0.023854
12 168 -0.0237449
12 169 0.000117603
12 170 0.00103366
12 171 0.0302311
12 172 0.158661
12 173 0.0152029
12 174 0.00886011
12 175 0.162106
12 176 0.0244311
12 177 -0.415383
12 178 -0.0488764
12 179 0.0273622
12 180 -0.0297887
12 214 -0.0366621
12 215 -0.0260252
12 216 0.0536836
12 223 0.0192624
12 224 -0.0179445
12 225 0.137469
12 229 0.00147205
12 230 -0.00057553
12 231 -0.0108953
12 271 -0.0583275
12 272 0.0459328
12 273 0.149441
12 280 0.022518
12 281 -0.0219133
12 282 0.0140135
12 283 0.0045621
12 284 0.0278658
12 285 -0.098572
12 331 0.455286
12 332 -0.190825
12 333 -1.03993
12 334 0.0526359
12 335 -0.0122748
12 336 -0.0267819
12 337 0.119425
12 338 0.0450549
12 339 -0.255189
12 340 -0.0212771
12 341 -0.01178
12 342 -0.0297486
12 568 -0.11492
12 569 -0.00148205
12 570 0.350028
12 571 0.0193855
12 572 0.00185396
12 573 -0.00166775
12 574 -0.000510562
12 575 0.00106037
12 576 0.0627317
12 577 0.362179
12 578 0.00399672
12 579 -1.17628
12 580 0.114945
12 581 0.00269859
12 582 -0.190409
12 586 -0.0394261
12 587 0.0092497
12 588 0.0242144
12 589 0.0337979
12 590 -0.00999419
12 591 0.000524781
12 592 0.126515
12 593 -0.0276195
12 594 -0.155882
12 595 0.00216488
12 596 -0.000429758
12 597 -0.00778832
12 598 0.00306511
12 599 -0.000427107
12 600 0.0450649
12 631 0.119836
12 632 -0.0374559
12 633 -0.0652219
12 634 -0.029053
12 635 0.0198946
12 636 0.0546739
12 640 -0.0787801
12 641 0.00814555
12 642 0.0163066
12 676 -0.416911
12 677 0.131876
12 678 0.234749
12 679 0.0470208
12 680 0.00288128
12 681 -0.0162417
12 682 -0.205251
12 683 -0.0387254
12 684 -0.00583336
12 685 1.07773e-06
12 686 1.97513e-05
12 687 -0.00707696
12 688 0.0125315
12 689 0.025283
12 690 0.00829743
12 691 0.00571668
12 692 0.00250322
12 693 0.0189079
12 694 -0.00544679
12 695 -0.00031992
12 696 0.00357354
12 703 0.00014992
12 704 2.47344e-05
12 705 0.0575091
12 706 -1.09201e-05
12 707 -6.81726e-06
12 708 -0.00942979
12 709 6.02308e-06
12 710 -1.19988e-05
12 711 0.0484123
13 1 0.0201028
13 2 3.77462e-07
13 3 -7.21397e-06
13 4 0.00514309
13 5 2.98108e-06
13 6 1.62113e-05
13 7 0.00321038
13 8 -5.62514e-06
13 9 -5.70166e-06
13 10 0.0226555
13 11 -1.21634e-05
13 12 5.96898e-06
13 13 0.0932699
13 14 -5.87509e-07
13 15 -7.14853e-07
13 16 0.0103389
13 17 5.79798e-08
13 18 1.18018e-06
13 19 0.0167721
13 20 3.70636e-08
13 21 -2.03439e-06
13 22 -0.105447
13 23 -7.60406e-07
13 24 2.9103e-05
13 25 -0.0354064
13 26 -1.06607e-05
13 27 -6.21893e-05
13 28 -0.0259906
13 29 2.38821e-05
13 30 2.55449e-05
13 31 0.00397808
13 32 -8.15057e-07
13 33 3.9964e-08
13 34 0.00548829
13 35 9.64369e-08
13 36 -1.8991e-09
13 37 0.0155522
13 38 -8.96553e-08
13 39 1.00544e-09
13 40 -0.029667
13 41 3.31013e-06
13 42 -1.61676e-07
14 1 -3.92822e-06
14 2 0.0200989
14 3 2.93417e-06
14 4 8.26217e-06
14 5 0.00514478
14 6 3.03091e-06
14 7 -1.76651e-06
14 8 0.00321993
14 9 -1.4554e-05
14 10 3.24881e-06
14 11 0.022678
14 12 -3.02785e-05
14 13 -5.87509e-07
14 14 0.0932698
14 15 -2.10604e-07
14 16 3.12506e-07
14 17 0.0103391
14 18 2.69296e-07
14 19 -5.25841e-07
14 20 0.0167718
14 21 -1.92755e-07
14 22 1.64803e-05
14 23 -0.105431
14 24 -1.19972e-05
14 25 -3.16464e-05
14 26 -0.0354126
14 27 -1.16834e-05
14 28 7.49919e-06
14 29 -0.0260317
14 30 6.24378e-05
14 31 -8.77058e-07
14 32 0.00397751
14 33 -8.68669e-08
14 34 1.00687e-07
14 35 0.00548836
14 36 6.83103e-09
14 37 -9.12609e-08
14 38 0.0155521
14 39 -5.00576e-09
14 40 3.55954e-06
14 41 -0.0296647
14 42 3.51381e-07
15 1 -3.07959e-06
15 2 -3.20381e-06
15 3 0.0201055
15 4 1.11238e-05
15 5 1.06919e-05
15 6 0.0051301
15 7 -9.47592e-06
15 8 -9.2323e-06
15 9 0.00322524
15 10 -5.6476e-06
15 11 -1.06356e-05
15 12 0.0226738
15 13 -7.14853e-07
15 14 -2.10604e-07
15 15 0.0932703
15 16 9.86591e-07
15 17 6.36402e-07
15 18 0.0103378
15 19 -1.54677e-06
15 20 -1.00262e-06
15 21 0.0167737
15 22 1.25694e-05
15 23 1.25214e-05
15 24 -0.105457
15 25 -4.194e-05
15 26 -4.21127e-05
15 27 -0.0353561
15 28 4.14405e-05
15 29 3.98524e-05
15 30 -0.0260549
15 31 1.20042e-06
15 32 -8.8545e-07
15 33 0.00397801
15 34 -8.60687e-08
15 35 6.64694e-08
15 36 0.00548832
15 37 3.78502e-08
15 38 -3.25858e-08
15 39 0.0155522
15 40 -4.8363e-06
15 41 3.56921e-06
15 42 -0.0296667
16 1 0.0226308
16 2 4.4645e-05
16 3 0.000228192
16 4 -0.00147613
16 5 -7.26883e-05
16 6 -0.000122438
16 7 0.00808809
16 8 -1.01417e-05
16 9 0.000215035
16 10 0.0260111
16 11 -0.000139384
16 12 -7.42807e-05
16 13 0.0103389
16 14 3.12506e-07
16 15 9.86591e-07
16 16 0.088775
16 17 -1.01991e-05
16 18 -6.53187e-05
16 19 0.00746411
16 20 1.92612e-05
16 21 3.03981e-05
16 22 -0.0749664
16 23 -0.000171341
16 24 -0.000853734
16 25 -0.00954845
16 26 0.000274185
16 27 0.000463021
16 28 -0.0545184
16 29 7.11277e-05
16 30 -0.00105474
16 130 0.00830025
16 131 1.37149e-06
16 132 -0.000396012
16 157 0.00204833
16 158 6.82406e-07
16 159 -2.20949e-06
16 169 0.0166152
16 170 -6.45133e-06
16 171 9.33977e-05
16 172 -0.04976
16 173 -7.62132e-07
16 174 0.00153864
17 1 1.51757e-05
17 2 0.0226733
17 3 0.000117957
17 4 -5.39214e-05
17 5 -0.00147877
17 6 -2.52006e-05
17 7 0.000180843
17 8 0.0083359
17 9 -5.26685e-05
17 10 0.000314208
17 11 0.0264302
17 12 -0.000383477
17 13 5.79798e-08
17 14 0.0103391
17 15 6.36402e-07
17 16 -1.01991e-05
17 17 0.0887645
17 18 -2.95857e-05
17 19 1.4067e-05
17 20 0.00746315
17 21 4.42967e-06
17 22 -5.38315e-05
17 23 -0.0751306
17 24 -0.00044232
17 25 0.000203775
17 26 -0.00953678
17 27 9.67457e-05
17 28 -0.000831977
17 29 -0.0557086
17 30 0.000244163
17 130 -7.14444e-05
17 131 0.00809295
17 132 -0.000150593
17 157 3.1616e-06
17 158 0.00205021
17 159 -4.49062e-06
17 169 2.32802e-06
17 170 0.0166453
17 171 4.71653e-05
17 172 0.000288375
17 173 -0.0489378
17 174 0.000577966
18 1 0.000244581
18 2 0.000103525
18 3 0.022674
18 4 -0.000135907
18 5 1.68322e-06
18 6 -0.00140564
18 7 0.000126227
18 8 3.79237e-05
18 9 0.00822045
18 10 -0.000286518
18 11 -0.000165106
18 12 0.0261709
18 13 1.18018e-06
18 14 2.69296e-07
18 15 0.0103378
18 16 -6.53187e-05
18 17 -2.95857e-05
18 18 0.0887607
18 19 3.3989e-05
18 20 -2.94952e-06
18 21 0.00744908
18 22 -0.000919168
18 23 -0.000384982
18 24 -0.0751257
18 25 0.000513752
18 26 -4.19293e-06
18 27 -0.00981695
18 28 -0.000642289
18 29 -0.000182639
18 30 -0.0551316
18 130 -0.000363027
18 131 -0.000200795
18 132 0.00808691
18 157 -3.62433e-06
18 158 -2.79688e-06
18 159 0.00204897
18 169 9.04948e-05
18 170 5.36647e-05
18 171 0.0166534
18 172 0.00140656
18 173 0.000776708
18 174 -0.0489195
19 1 0.00706563
19 2 -5.86911e-05
19 3 -0.000118719
19 4 -0.0225422
19 5 0.000325218
19 6 0.000192008
19 7 0.00474335
19 8 9.89846e-07
19 9 0.000128105
19 10 0.022964
19 11 0.00214804
19 12 0.000145074
19 13 0.0167721
19 14 -5.25841e-07
19 15 -1.54677e-06
19 16 0.00746411
19 17 1.4067e-05
19 18 3.3989e-05
19 19 0.165376
19 20 -0.000163686
19 21 -0.000124718
19 22 -0.0444622
19 23 0.000223138
19 24 0.000446147
19 25 -0.0496151
19 26 -0.000452126
19 27 -0.00107714
19 28 -0.112715
19 29 0.00158218
19 30 0.000557673
19 268 0.00152924
19 269 -1.01382e-06
19 270 3.68864e-06
19 271 0.00135399
19 272 -0.00315059
19 273 0.00172034
19 274 -0.0953987
19 275 3.32497e-08
19 276 6.97609e-08
19 277 0.0104999
19 278 4.39487e-08
19 279 -8.82941e-07
19 280 0.0669093
19 281 -0.000720546
19 282 0.000452162
19 283 0.0730479
19 284 -0.00111129
19 285 -0.0011513
19 286 -0.00896877
19 287 4.01119e-06
19 288 -1.40483e-05
19 331 -0.0435905
19 332 0.00136172
19 333 -0.00117418
20 1 -8.19542e-05
20 2 0.0070679
20 3 1.84897e-05
20 4 0.000108735
20 5 -0.0228454
20 6 -0.00164297
20 7 0.000711303
20 8 0.00419307
20 9 0.00383341
20 10 0.000330132
20 11 0.0221958
20 12 -0.00144301
20 13 3.70636e-08
20 14 0.0167718
20 15 -1.00262e-06
20 16 1.92612e-05
20 17 0.00746315
20 18 -2.94952e-06
20 19 -0.000163686
20 20 0.166174
20 21 -0.000730901
20 22 0.000311207
20 23 -0.0444699
20 24 -7.05988e-05
20 25 -0.000864745
20 26 -0.0485472
20 27 0.00410643
20 28 -0.000270608
20 29 -0.112873
20 30 -0.00463401
20 268 4.68527e-06
20 269 0.0015331
20 270 -3.00921e-06
20 271 -8.45424e-05
20 272 -0.000793547
20 273 -0.000622757
20 274 1.16848e-07
20 275 -0.0953987
20 276 -5.83631e-08
20 277 -1.17161e-06
20 278 0.0104993
20 279 6.93259e-07
20 280 0.000598688
20 281 0.0660909
20 282 0.00396918
20 283 -0.00370572
20 284 0.0753447
20 285 -0.00714712
20 286 -1.78254e-05
20 287 -0.00898373
20 288 1.14907e-05
20 331 0.00310705
20 332 -0.0428979
20 333 0.00452329
21 1 -0.000100935
21 2 -1.46108e-05
21 3 0.00710354
21 4 0.000242283
21 5 -0.00172179
21 6 -0.0218087
21 7 -7.13437e-06
21 8 0.00413039
21 9 0.00510694
21 10 0.0011582
21 11 -0.00134367
21 12 0.0229503
21 13 -2.03439e-06
21 14 -1.92755e-07
21 15 0.0167737
21 16 3.03981e-05
21 17 4.42967e-06
21 18 0.00744908
21 19 -0.000124718
21 20 -0.000730901
21 21 0.16439
21 22 0.000378437
21 23 5.47151e-05
21 24 -0.0446014
21 25 -0.000573467
21 26 0.0042947
21 27 -0.0509369
21 28 -0.000552043
21 29 -0.00584731
21 30 -0.110206
21 268 3.84535e-06
21 269 2.94427e-07
21 270 0.00153342
21 271 -0.000365451
21 272 -0.000581229
21 273 -0.00239584
21 274 5.30109e-08
21 275 -2.21754e-10
21 276 -0.0953987
21 277 -8.53742e-07
21 278 -4.29245e-08
21 279 0.0104989
21 280 -0.000263199
21 281 0.00410691
21 282 0.0663967
21 283 0.00033021
21 284 -0.00745854
21 285 0.0697467
21 286 -1.46871e-05
21 287 -1.14844e-06
21 288 -0.00898477
21 331 -0.00012217
21 332 0.00527261
21 333 -0.0366666
22 1 -0.230624
22 2 0.00274625
22 3 0.0023532
22 4 0.021063
22 5 -0.00269098
22 6 -0.00208592
22 7 -0.00953009
22 8 -0.00265895
22 9 0.00399515
22 10 0.0762831
22 11 0.0814846
22 12 -0.081124
22 13 -0.105447
22 14 1.64803e-05
22 15 1.25694e-05
22 16 -0.0749664
22 17 -5.38315e-05
22 18 -0.000919168
22 19 -0.0444622
22 20 0.000311207
22 21 0.000378437
22 22 0.795528
22 23 -0.00548982
22 24 -0.0155762
22 25 -0.0506739
22 26 0.0105533
22 27 0.00805852
22 28 0.0474319
22 29 0.0113426
22 30 -0.0182121
22 31 -0.00397394
22 32 0.000402039
22 33 -3.39776e-05
22 34 -0.0589301
22 35 -3.05676e-05
22 36 2.26786e-07
22 37 -0.0464847
22 38 2.80194e-05
22 39 1.35226e-06
22 40 -0.000267959
22 41 -0.00164471
22 42 0.000137721
22 43 0.0404396
22 44 -0.000135247
22 45 5.13968e-05
22 46 0.0104774
22 47 -1.10267e-06
22 48 3.99934e-06
22 49 -0.0469482
22 50 1.24883e-06
22 51 -3.72191e-07
22 52 -0.142247
22 53 0.000822239
22 54 0.00033954
22 130 0.0941686
22 131 0.0023129
22 132 -0.00502831
22 133 0.0181107
22 134 0.000487309
22 135 -0.00522235
22 151 -0.112733
22 152 -0.0107134
22 153 0.00174295
22 157 -0.00521466
22 158 -0.000487527
22 159 0.00034739
22 160 0.104861
22 161 -0.00514942
22 162 0.00685438
22 166 -0.0462848
22 167 -0.000261106
22 168 -0.000556147
22 169 -0.0394135
22 170 -5.06274e-05
22 171 0.0011097
22 172 -0.316109
22 173 0.00123309
22 174 0.0160685
22 175 0.128146
22 176 -0.0824118
22 177 0.0872572
23 1 0.0015507
23 2 -0.230701
23 3 0.0461907
23 4 -0.00190446
23 5 0.0201928
23 6 -0.000533674
23 7 0.00193855
23 8 -0.00265078
23 9 -0.0028836
23 10 0.000915526
23 11 0.0802587
23 12 -0.0122605
23 13 -7.60406e-07
23 14 -0.105431
23 15 1.25214e-05
23 16 -0.000171341
23 17 -0.0751306
23 18 -0.000384982
23 19 0.000223138
23 20 -0.0444699
23 21 5.47151e-05
23 22 -0.00548982
23 23 0.788998
23 24 -0.146092
23 25 0.00747071
23 26 -0.0471722
23 27 0.00209571
23 28 -0.00874584
23 29 0.0172742
23 30 0.0120681
23 31 0.000415728
23 32 -0.0032978
23 33 1.68176e-05
23 34 -3.08635e-05
23 35 -0.0589634
23 36 -7.80925e-07
23 37 2.74497e-05
23 38 -0.0464652
23 39 3.64027e-07
23 40 -0.00170016
23 41 -0.00302877
23 42 -6.87198e-05
23 43 -0.000340678
23 44 0.0324113
23 45 -0.00164318
23 46 1.33422e-05
23 47 0.0108884
23 48 8.94283e-05
23 49 1.61681e-06
23 50 -0.0469424
23 51 2.86433e-07
23 52 0.00171344
23 53 -0.117555
23 54 0.00519679
23 130 -0.0018498
23 131 0.0962532
23 132 -0.0830014
23 133 -0.000160704
23 134 0.0178529
23 135 -0.0012358
23 151 0.00194826
23 152 -0.13426
23 153 0.0815532
23 157 -0.00022034
23 158 -0.00455978
23 159 -0.00107338
23 160 -0.000270661
23 161 0.110804
23 162 -0.0436095
23 166 -0.000307192
23 167 -0.0375001
23 168 0.00160971
23 169 -4.47666e-05
23 170 -0.0393759
23 171 0.000860076
23 172 0.00751925
23 173 -0.310128
23 174 0.283174
23 175 -0.00253809
23 176 0.136925
23 177 -0.139163
24 1 0.00325157
24 2 0.0462799
24 3 -0.228565
24 4 -0.0028028
24 5 0.000589392
24 6 0.0216012
24 7 0.00164438
24 8 -0.000759881
24 9 -0.00753993
24 10 -0.00852515
24 11 -0.00490389
24 12 0.0757345
24 13 2.9103e-05
24 14 -1.19972e-05
24 15 -0.105457
24 16 -0.000853734
24 17 -0.00044232
24 18 -0.0751257
24 19 0.000446147
24 20 -7.05988e-05
24 21 -0.0446014
24 22 -0.0155762
24 23 -0.146092
24 24 0.795931
24 25 0.0108705
24 26 -0.00229928
24 27 -0.0527131
24 28 -0.00810269
24 29 0.00283809
24 30 0.0386507
24 31 -0.000197048
24 32 0.000315055
24 33 -0.00352483
24 34 3.65451e-06
24 35 -7.17267e-06
24 36 -0.0589493
24 37 1.35182e-05
24 38 -8.47284e-06
24 39 -0.0464756
24 40 0.000803438
24 41 -0.00127666
24 42 -0.00209532
24 43 0.00161273
24 44 -0.00171971
24 45 0.0473089
24 46 -0.000122947
24 47 9.18945e-05
24 48 0.0100531
24 49 -1.42548e-05
24 50 2.82103e-06
24 51 -0.0469489
24 52 -0.00687273
24 53 0.00538683
24 54 -0.162917
24 130 -0.00341004
24 131 -0.0847996
24 132 0.0870224
24 133 0.00116303
24 134 -0.00282528
24 135 0.00633865
24 151 -0.00687155
24 152 0.0802162
24 153 -0.0948745
24 157 0.000215519
24 158 -0.00105858
24 159 -0.00618991
24 160 0.00324205
24 161 -0.0439132
24 162 0.09776
24 166 0.000266522
24 167 0.00174209
24 168 -0.0542988
24 169 0.00113534
24 170 0.000879228
24 171 -0.0391312
24 172 0.0171392
24 173 0.291641
24 174 -0.297491
24 175 0.0114662
24 176 -0.138822
24 177 0.149671
25 1 0.0156425
25 2 -0.00190232
25 3 -0.00280599
25 4 -0.256319
25 5 0.00370243
25 6 0.0029548
25 7 0.109178
25 8 0.00162011
25 9 0.000757804
25 10 0.0637959
25 11 -0.121724
25 12 0.10877
25 13 -0.0354064
25 14 -3.16464e-05
25 15 -4.194e-05
25 16 -0.00954845
25 17 0.000203775
25 18 0.000513752
25 19 -0.0496151
25 20 -0.000864745
25 21 -0.000573467
25 22 -0.0506739
25 23 0.00747071
25 24 0.0108705
25 25 0.725545
25 26 -0.0252467
25 27 -0.00239824
25 28 -0.339792
25 29 -0.0250536
25 30 0.00383247
25 31 0.0105198
25 32 -0.000498407
25 33 -2.8589e-05
25 34 0.00268031
25 35 4.80435e-05
25 36 7.11848e-07
25 37 -0.0630779
25 38 -4.87183e-05
25 39 -3.04264e-06
25 40 -0.0352017
25 41 0.00209673
25 42 0.000635672
25 271 0.00320609
25 272 0.0068857
25 273 0.000598937
25 280 0.0615278
25 281 0.0113003
25 282 -0.00869324
25 283 -0.216479
25 284 0.019033
25 285 -0.00777074
25 331 0.161512
25 332 0.123016
25 333 -0.106097
25 334 -0.092664
25 335 -6.21661e-05
25 336 -0.000511081
26 1 -0.00268749
26 2 0.0147684
26 3 0.000579782
26 4 0.00704867
26 5 -0.270077
26 6 0.0474691
26 7 -0.00480727
26 8 0.14489
26 9 -0.105165
26 10 0.000169199
26 11 0.0599359
26 12 -0.139233
26 13 -1.06607e-05
26 14 -0.0354126
26 15 -4.21127e-05
26 16 0.000274185
26 17 -0.00953678
26 18 -4.19293e-06
26 19 -0.000452126
26 20 -0.0485472
26 21 0.0042947
26 22 0.0105533
26 23 -0.0471722
26 24 -0.00229928
26 25 -0.0252467
26 26 0.759175
26 27 -0.157492
26 28 0.0164289
26 29 -0.453778
26 30 0.344689
26 31 -0.000675144
26 32 0.010153
26 33 -0.000279034
26 34 4.88633e-05
26 35 0.00271214
26 36 1.83011e-06
26 37 -2.33424e-05
26 38 -0.0631951
26 39 2.63558e-05
26 40 0.00248782
26 41 -0.0336097
26 42 0.000725034
26 271 0.000707692
26 272 -0.0064588
26 273 -0.000534974
26 280 -0.00347413
26 281 0.0849626
26 282 -0.0481063
26 283 0.00533113
26 284 -0.279691
26 285 0.128986
26 331 -0.00600088
26 332 0.27221
26 333 -0.0722837
26 334 0.000272069
26 335 -0.0933718
26 336 0.000542516
27 1 -0.00208924
27 2 -0.000542668
27 3 0.0161983
27 4 0.000617454
27 5 0.0475642
27 6 -0.242965
27 7 0.00569045
27 8 -0.100954
27 9 0.0792736
27 10 0.0116868
27 11 -0.141705
27 12 -0.0109989
27 13 -6.21893e-05
27 14 -1.16834e-05
27 15 -0.0353561
27 16 0.000463021
27 17 9.67457e-05
27 18 -0.00981695
27 19 -0.00107714
27 20 0.00410643
27 21 -0.0509369
27 22 0.00805852
27 23 0.00209571
27 24 -0.0527131
27 25 -0.00239824
27 26 -0.157492
27 27 0.690148
27 28 -0.0242361
27 29 0.325544
27 30 -0.253173
27 31 -0.00350343
27 32 -0.00105096
27 33 0.00986114
27 34 -1.6139e-05
27 35 1.389e-05
27 36 0.00269601
27 37 0.000443297
27 38 5.36346e-05
27 39 -0.063043
27 40 0.00973981
27 41 0.00381699
27 42 -0.0343128
27 271 0.00021824
27 272 -0.00661469
27 273 -0.00454932
27 280 0.00142524
27 281 -0.0483758
27 282 0.0417614
27 283 -0.00189612
27 284 0.129198
27 285 -0.150201
27 331 -0.00783681
27 332 -0.0544676
27 333 0.166717
27 334 0.00478456
27 335 0.000599739
27 336 -0.0901114
28 1 -0.00415303
28 2 0.00237091
28 3 0.00214048
28 4 0.118728
28 5 0.00298688
28 6 0.00118085
28 7 -0.738507
28 8 0.0289959
28 9 0.00393479
28 10 -0.61652
28 11 0.486441
28 12 -0.0964503
28 13 -0.0259906
28 14 7.49919e-06
28 15 4.14405e-05
28 16 -0.0545184
28 17 -0.000831977
28 18 -0.000642289
28 19 -0.112715
28 20 -0.000270608
28 21 -0.000552043
28 22 0.0474319
28 23 -0.00874584
28 24 -0.00810269
28 25 -0.339792
28 26 0.0164289
28 27 -0.0242361
28 28 2.3723
28 29 -0.00334372
28 30 -0.0015249
28 130 0.0251413
28 131 -0.024716
28 132 -0.0037887
28 157 -0.00632197
