%%MatrixMarket matrix coordinate real general
789 789 50751
1 1 0.240952
1 2 0.004555
1 3 -0.0235919
1 4 -0.0676784
1 5 0.000580918
1 6 0.00242667
1 7 -0.00529254
1 8 -0.00644794
1 9 0.000266635
1 10 -0.0695383
1 11 0.0389424
1 12 0.0284592
1 13 0.0114903
1 14 -5.75859e-05
1 15 -0.000262333
1 16 0.019909
1 17 0.0013025
1 18 0.000131237
1 19 0.00571576
1 20 -6.89806e-06
1 21 -0.000100515
1 22 -0.571893
1 23 -0.00823007
1 24 0.0691521
1 25 0.230799
1 26 -0.00183939
1 27 -0.0084839
1 28 -0.000836809
1 29 0.0288255
1 30 -0.00110286
1 31 0.00592917
1 32 0.00123813
1 33 -0.00084917
1 34 -0.0969921
1 35 -0.00639057
1 36 0.00717898
1 37 0.0635093
1 38 -0.000627599
1 39 -0.00180462
1 40 -0.0344777
1 41 -0.0616952
1 42 0.0324881
1 43 -0.00802322
1 44 -0.0105261
1 45 0.00810027
1 46 -0.0901608
1 47 -0.000446628
1 48 0.0073369
1 49 0.0347597
1 50 0.00803486
1 51 -0.00853817
1 52 0.173045
1 53 0.0615932
1 54 -0.0614871
1 115 -0.032573
1 116 -0.000172172
1 117 0.007741
1 118 0.0138185
1 119 9.46573e-05
1 120 0.000474252
1 121 0.00370685
1 122 -0.000193575
1 123 -0.000111614
1 124 0.10636
1 125 0.000141437
1 126 -0.0249066
1 127 -0.0024484
1 128 -0.00342106
1 129 -0.000373783
1 130 -0.0614591
1 131 -0.00601685
1 132 0.0185677
1 133 0.0274973
1 134 0.000864579
1 135 -0.0104712
1 136 0.0365203
1 137 -0.052125
1 138 -0.0165966
1 139 0.0576642
1 140 0.0115326
1 141 -0.0261266
2 1 0.004555
2 2 0.240952
2 3 -0.0235919
2 4 -0.000172172
2 5 -0.032573
2 6 0.007741
2 7 -0.00644794
2 8 -0.00529254
2 9 0.000266635
2 10 0.0389424
2 11 -0.0695383
2 12 0.0284592
2 13 9.46573e-05
2 14 0.0138185
2 15 0.000474252
2 16 0.0013025
2 17 0.019909
2 18 0.000131237
2 19 -0.000193575
2 20 0.00370685
2 21 -0.000111614
2 22 -0.00823007
2 23 -0.571893
2 24 0.0691521
2 25 0.000141437
2 26 0.10636
2 27 -0.0249066
2 28 0.0288255
2 29 -0.000836809
2 30 -0.00110286
2 31 -0.00342106
2 32 -0.0024484
2 33 -0.000373783
2 34 -0.00601685
2 35 -0.0614591
2 36 0.0185677
2 37 0.000864579
2 38 0.0274973
2 39 -0.0104712
2 40 -0.052125
2 41 0.0365203
2 42 -0.0165966
2 43 -0.0105261
2 44 -0.00802322
2 45 0.00810027
2 46 -0.000446628
2 47 -0.0901608
2 48 0.0073369
2 49 0.0115326
2 50 0.0576642
2 51 -0.0261266
2 52 0.0615932
2 53 0.173045
2 54 -0.0614871
2 115 0.000580918
2 116 -0.0676784
2 117 0.00242667
2 118 -5.75859e-05
2 119 0.0114903
2 120 -0.000262333
2 121 -6.89806e-06
2 122 0.00571576
2 123 -0.000100515
2 124 -0.00183939
2 125 0.230799
2 126 -0.0084839
2 127 0.00123813
2 128 0.00592917
2 129 -0.00084917
2 130 -0.00639057
2 131 -0.0969921
2 132 0.00717898
2 133 -0.000627599
2 134 0.0635093
2 135 -0.00180462
2 136 -0.0616952
2 137 -0.0344777
2 138 0.0324881
2 139 0.00803486
2 140 0.0347597
2 141 -0.00853817
3 1 -0.0235919
3 2 -0.0235919
3 3 0.125111
3 4 0.00449296
3 5 0.00770017
3 6 -0.00548795
3 7 0.000583102
3 8 0.000583102
3 9 -0.00475991
3 10 0.0198434
3 11 0.0198434
3 12 -0.00202235
3 13 -0.000580201
3 14 0.000482874
3 15 0.0157628
3 16 8.67669e-05
3 17 8.67669e-05
3 18 0.0256134
3 19 -0.0001494
3 20 -0.000115838
3 21 0.0017235
3 22 0.0684147
3 23 0.0684147
3 24 -0.185127
3 25 -0.0154015
3 26 -0.0248051
3 27 0.00492876
3 28 -0.00240797
3 29 -0.00240797
3 30 -0.00295373
3 31 0.0024478
3 32 -0.00316222
3 33 -0.000687
3 34 0.00650052
3 35 0.0194509
3 36 -0.0291574
3 37 -0.00362593
3 38 -0.0104022
3 39 0.00450498
3 40 0.0179155
3 41 -0.00135655
3 42 -0.00245
3 43 0.00485384
3 44 0.00485384
3 45 0.00628972
3 46 0.00822327
3 47 0.00822327
3 48 -0.0804267
3 49 -0.00868216
3 50 -0.022023
3 51 0.0197629
3 52 -0.0471758
3 53 -0.0471758
3 54 0.0800855
3 115 0.00770017
3 116 0.00449296
3 117 -0.00548795
3 118 0.000482874
3 119 -0.000580201
3 120 0.0157628
3 121 -0.000115838
3 122 -0.0001494
3 123 0.0017235
3 124 -0.0248051
3 125 -0.0154015
3 126 0.00492876
3 127 -0.00316222
3 128 0.0024478
3 129 -0.000687
3 130 0.0194509
3 131 0.00650052
3 132 -0.0291574
3 133 -0.0104022
3 134 -0.00362593
3 135 0.00450498
3 136 -0.00135655
3 137 0.0179155
3 138 -0.00245
3 139 -0.022023
3 140 -0.00868216
3 141 0.0197629
4 1 -0.0676784
4 2 -0.000172172
4 3 0.00449296
4 4 0.256754
4 5 -0.00493828
4 6 0.0162022
4 7 -0.0442114
4 8 0.00675355
4 9 -0.00781381
4 10 -0.0472913
4 11 -0.0345446
4 12 -0.0154439
4 13 -0.00255869
4 14 6.66613e-05
4 15 0.000632075
4 16 0.00709728
4 17 -0.00185348
4 18 -8.00055e-05
4 19 0.0225368
4 20 0.000494318
4 21 -0.000453034
4 22 0.22282
4 23 -0.00684135
4 24 -0.0147387
4 25 -0.592242
4 26 0.0148015
4 27 -0.0312408
4 28 0.138118
4 29 -0.0289082
4 30 0.0220648
4 31 0.0358739
4 32 0.00123424
4 33 0.00132256
4 34 0.0664778
4 35 0.00924788
4 36 -0.00632334
4 37 -0.180514
4 38 -0.00182559
4 39 -0.00638378
4 40 0.0634776
4 41 0.0476923
4 42 -0.0272525
4 244 0.0277159
4 245 0.00361183
4 246 0.0144298
4 247 -0.0950725
4 248 0.00795225
4 249 -0.0326909
4 250 0.0459325
4 251 -0.00069328
4 252 0.0140886
4 253 -0.0411524
4 254 0.0474
4 255 -0.0103238
4 256 0.171373
4 257 -0.0589897
4 258 0.0819808
5 1 0.000580918
5 2 -0.032573
5 3 0.00770017
5 4 -0.00493828
5 5 0.269731
5 6 -0.0279331
5 7 0.00564172
5 8 -0.0886367
5 9 0.00385853
5 10 -0.0341249
5 11 -0.0687099
5 12 0.029477
5 13 -0.000112876
5 14 -0.00336806
5 15 0.000659062
5 16 -0.00149242
5 17 0.00671473
5 18 -0.000269952
5 19 0.000550737
5 20 0.0203316
5 21 -0.000306474
5 22 -0.00806196
5 23 0.10092
5 24 -0.0228038
5 25 0.0140427
5 26 -0.629185
5 27 0.0743999
5 28 -0.0263441
5 29 0.295247
5 30 -0.0135329
5 31 0.00262044
5 32 0.0531201
5 33 -0.0227911
5 34 0.00694867
5 35 0.0323478
5 36 -0.0117798
5 37 -0.0017594
5 38 -0.145146
5 39 0.0284422
5 40 0.0381467
5 41 0.129698
5 42 -0.0355937
5 244 0.00311484
5 245 0.0136707
5 246 -0.00181988
5 247 0.00876799
5 248 -0.148541
5 249 0.01989
5 250 0.00090373
5 251 0.100454
5 252 -0.0031942
5 253 0.053673
5 254 -0.0905672
5 255 0.048992
5 256 -0.0576697
5 257 0.171687
5 258 -0.076775
6 1 0.00242667
6 2 0.007741
6 3 -0.00548795
6 4 0.0162022
6 5 -0.0279331
6 6 0.127896
6 7 -0.00806248
6 8 0.00671024
6 9 -0.00853089
6 10 -0.000684332
6 11 0.0169362
6 12 0.00867992
6 13 0.000986989
6 14 0.000653518
6 15 0.000748331
6 16 -5.43544e-05
6 17 -0.000305519
6 18 0.00195896
6 19 -0.000405018
6 20 -0.000784216
6 21 0.0302079
6 22 -0.0081975
6 23 -0.0230797
6 24 0.00508733
6 25 -0.028929
6 26 0.0726298
6 27 -0.174254
6 28 0.0231791
6 29 -0.0226277
6 30 0.00375333
6 31 0.00139836
6 32 -0.0253661
6 33 0.0279279
6 34 -0.00427609
6 35 -0.0116453
6 36 0.00674137
6 37 -0.00674474
6 38 0.0308181
6 39 -0.100777
6 40 -0.0184707
6 41 -0.011136
6 42 0.0412909
6 244 0.0163033
6 245 -0.00174589
6 246 0.00458934
6 247 -0.0350447
6 248 0.0197674
6 249 -0.030844
6 250 0.0140213
6 251 -0.00629537
6 252 0.00765128
6 253 -0.031138
6 254 0.0370461
6 255 -0.0304329
6 256 0.0699581
6 257 -0.0647648
6 258 0.0567417
7 1 -0.00529254
7 2 -0.00644794
7 3 0.000583102
7 4 -0.0442114
7 5 0.00564172
7 6 -0.00806248
7 7 0.485064
7 8 -0.00799449
7 9 0.0164517
7 10 0.0818823
7 11 0.0547061
7 12 -0.0205016
7 13 -0.00230637
7 14 0.000232221
7 15 -0.000104923
7 16 0.000780996
7 17 0.00141167
7 18 0.000276463
7 19 -0.00143187
7 20 0.000111899
7 21 -0.000443175
7 22 0.0100358
7 23 0.0269356
7 24 -0.0025331
7 25 0.148106
7 26 -0.0165388
7 27 0.0215489
7 28 -1.05435
7 29 0.028683
7 30 -0.0387858
7 115 -0.0886367
7 116 0.00675355
7 117 0.00671024
7 118 -0.000862969
7 119 6.01622e-05
7 120 -0.00026086
7 121 -0.00297444
7 122 7.7286e-07
7 123 0.00106206
7 124 0.300692
7 125 -0.0178846
7 126 -0.0233877
7 244 -4.21436e-05
7 245 -0.0040525
7 246 0.00495538
7 247 0.0381148
7 248 -0.00929352
7 249 0.0151022
7 250 -0.0770059
7 251 0.00307505
7 252 -0.0262601
7 253 0.121854
7 254 -0.0571855
7 255 0.0442871
7 325 0.00447764
7 326 -0.0011955
7 327 -0.000611361
7 328 0.0891901
7 329 -0.0121447
7 330 -0.00880526
7 331 -0.129591
7 332 0.00277465
7 333 0.00284559
7 334 0.0354185
7 335 -0.069947
7 336 -0.032399
7 406 -0.010898
7 407 -0.0113214
7 408 -0.00434658
7 409 -0.0354122
7 410 -0.000185044
7 411 -0.0106705
7 412 0.0865031
7 413 0.0624392
7 414 0.040983
7 415 0.0280743
7 416 0.0114674
7 417 0.0189348
7 451 0.00492054
7 452 0.00941357
7 453 0.00677849
8 1 -0.00644794
8 2 -0.00529254
8 3 0.000583102
8 4 0.00675355
8 5 -0.0886367
8 6 0.00671024
8 7 -0.00799449
8 8 0.485064
8 9 0.0164517
8 10 0.0547061
8 11 0.0818823
8 12 -0.0205016
8 13 6.01622e-05
8 14 -0.000862969
8 15 -0.00026086
8 16 0.00141167
8 17 0.000780996
8 18 0.000276463
8 19 7.7286e-07
8 20 -0.00297444
8 21 0.00106206
8 22 0.0269356
8 23 0.0100358
8 24 -0.0025331
8 25 -0.0178846
8 26 0.300692
8 27 -0.0233877
8 28 0.028683
8 29 -1.05435
8 30 -0.0387858
8 115 0.00564172
8 116 -0.0442114
8 117 -0.00806248
8 118 0.000232221
8 119 -0.00230637
8 120 -0.000104923
8 121 0.000111899
8 122 -0.00143187
8 123 -0.000443175
8 124 -0.0165388
8 125 0.148106
8 126 0.0215489
8 244 -0.0011955
8 245 0.00447764
8 246 -0.000611361
8 247 -0.0121447
8 248 0.0891901
8 249 -0.00880526
8 250 0.00277465
8 251 -0.129591
8 252 0.00284559
8 253 -0.069947
8 254 0.0354185
8 255 -0.032399
8 325 -0.0040525
8 326 -4.21436e-05
8 327 0.00495538
8 328 -0.00929352
8 329 0.0381148
8 330 0.0151022
8 331 0.00307505
8 332 -0.0770059
8 333 -0.0262601
8 334 -0.0571855
8 335 0.121854
8 336 0.0442871
8 406 -0.0113214
8 407 -0.010898
8 408 -0.00434658
8 409 -0.000185044
8 410 -0.0354122
8 411 -0.0106705
8 412 0.0624392
8 413 0.0865031
8 414 0.040983
8 415 0.00941357
8 416 0.00492054
8 417 0.00677849
8 451 0.0114674
8 452 0.0280743
8 453 0.0189348
9 1 0.000266635
9 2 0.000266635
9 3 -0.00475991
9 4 -0.00781381
9 5 0.00385853
9 6 -0.00853089
9 7 0.0164517
9 8 0.0164517
9 9 0.328617
9 10 -0.0107745
9 11 -0.0107745
9 12 0.120586
9 13 -8.21817e-05
9 14 -0.000221552
9 15 -0.00364939
9 16 0.000331424
9 17 0.000331424
9 18 0.00525792
9 19 -0.000494982
9 20 0.00159812
9 21 0.00113057
9 22 -0.00128824
9 23 -0.00128824
9 24 0.00719791
9 25 0.0207229
9 26 -0.014732
9 27 0.0208386
9 28 -0.0376027
9 29 -0.0376027
9 30 -0.534649
9 115 0.00385853
9 116 -0.00781381
9 117 -0.00853089
9 118 -0.000221552
9 119 -8.21817e-05
9 120 -0.00364939
9 121 0.00159812
9 122 -0.000494982
9 123 0.00113057
9 124 -0.014732
9 125 0.0207229
9 126 0.0208386
9 244 0.00846809
9 245 -0.00399842
9 246 -0.00500853
9 247 0.0148423
9 248 -0.00556093
9 249 -0.00103527
9 250 -0.0279828
9 251 0.00439783
9 252 -0.0240454
9 253 0.0215073
9 254 -0.00881187
9 255 0.0352069
9 325 -0.00399842
9 326 0.00846809
9 327 -0.00500853
9 328 -0.00556093
9 329 0.0148423
9 330 -0.00103527
9 331 0.00439783
9 332 -0.0279828
9 333 -0.0240454
9 334 -0.00881187
9 335 0.0215073
9 336 0.0352069
9 406 -5.14626e-05
9 407 -5.14626e-05
9 408 -0.00692634
9 409 -0.0122224
9 410 -0.0122224
9 411 -0.0178022
9 412 0.022863
9 413 0.022863
9 414 0.0379779
9 415 0.0138089
9 416 0.00586747
9 417 -0.00224497
9 451 0.00586747
9 452 0.0138089
9 453 -0.00224497
10 1 -0.0695383
10 2 0.0389424
10 3 0.0198434
10 4 -0.0472913
10 5 -0.0341249
10 6 -0.000684332
10 7 0.0818823
10 8 0.0547061
10 9 -0.0107745
10 10 4.57135
10 11 -0.616355
10 12 -0.228507
10 13 0.0184108
10 14 -0.00115016
10 15 0.000193932
10 16 0.0238493
10 17 6.98584e-05
10 18 6.91926e-05
10 19 0.0354719
10 20 -0.000116641
10 21 0.000764622
10 22 0.299598
10 23 -0.145743
10 24 -0.0780267
10 25 0.33744
10 26 0.0868171
10 27 0.0325285
10 28 -0.225585
10 29 -0.222037
10 30 0.0473693
10 31 0.236133
10 32 -0.0827607
10 33 0.0454495
10 34 -0.001632
10 35 -0.00334603
10 36 0.00323716
10 37 -0.0128936
10 38 0.0393535
10 39 -0.0184488
10 40 -1.16853
10 41 0.376547
10 42 -0.208577
10 43 0.0231596
10 44 0.0584382
10 45 -0.0269879
10 46 0.0633749
10 47 -0.0237298
10 48 -0.0126972
10 49 -0.0862227
10 50 0.00614617
10 51 0.00595004
10 52 -0.0764595
10 53 -0.358475
10 54 0.220907
10 55 0.0820806
10 56 0.00722179
10 57 0.00252206
10 58 0.0355445
10 59 0.0181442
10 60 -0.0855646
10 61 0.125123
10 62 -0.00905529
10 63 -0.0198812
10 64 -0.569936
10 65 0.0285547
10 66 0.127628
10 115 -0.0687099
10 116 -0.0345446
10 117 0.0169362
10 118 0.0213894
10 119 0.000134889
10 120 -0.00147548
10 121 0.0327581
10 122 0.00204704
10 123 0.000365791
10 124 0.412876
10 125 0.0874333
10 126 -0.103757
10 127 0.376987
10 128 -0.0874824
10 129 -0.158355
10 130 -0.0166874
10 131 -0.000345497
10 132 -1.51407e-05
10 133 -0.0621765
10 134 0.0338691
10 135 0.0119971
10 136 -1.94647
10 137 0.402012
10 138 0.745448
10 139 -0.175875
10 140 0.00176839
10 141 0.0311581
10 142 0.155261
10 143 -0.0148582
10 144 -0.166793
10 244 0.354985
10 245 -0.0756477
10 246 0.0320228
10 247 -0.0466621
10 248 0.0273903
10 249 -0.0071878
10 250 -0.0165509
10 251 0.001106
10 252 -0.00332504
10 253 -1.98566
10 254 0.411825
10 255 -0.514545
10 256 -0.198343
10 257 0.0989239
10 258 0.0157602
10 259 -0.079005
10 260 0.0396937
10 261 -0.0650866
10 262 0.148525
10 263 -0.057685
10 264 0.128257
10 265 -0.0376031
10 266 0.0122336
10 267 -0.0367973
10 268 -0.0204583
10 269 -0.00457189
10 270 0.00173704
10 271 0.254354
10 272 -0.123856
10 273 0.206894
10 325 0.197117
10 326 -0.0642436
10 327 -0.0083045
10 328 0.0301746
10 329 0.0277369
10 330 0.00827968
10 331 0.00265799
10 332 0.00226104
10 333 -0.0033772
10 334 -1.39959
10 335 0.39148
10 336 0.210198
10 337 -0.10233
10 338 0.0973592
10 339 0.0161748
10 340 -0.0937429
10 341 0.0320822
10 342 0.0396938
10 343 0.210347
10 344 -0.0519668
10 345 -0.122876
10 346 -0.0897193
10 347 0.0162238
10 348 0.0366901
10 349 -0.0170328
10 350 -0.00507345
10 351 -0.00555853
10 352 0.314936
10 353 -0.095464
10 354 -0.100938
10 406 0.0807051
10 407 0.0249895
10 408 0.026339
10 409 0.118548
10 410 -0.0429052
10 411 0.00867919
10 412 0.480963
10 413 -0.476917
10 414 0.0983188
10 415 -0.192488
10 416 0.0660386
10 417 -0.0802281
10 418 -0.0232671
10 419 0.0608673
10 420 0.0237801
10 421 -0.362619
10 422 0.19883
10 423 -0.0813706
10 424 0.0308966
10 425 -0.0583544
10 426 0.0134422
10 427 0.0724901
10 428 -0.0795386
10 429 0.110762
10 430 -0.0304998
10 431 -0.0266499
10 432 -0.0237741
10 433 -0.101432
10 434 0.0345385
10 435 -0.0501393
10 451 -0.124155
10 452 0.0562686
10 453 -0.0224791
10 454 0.113969
10 455 -0.068925
10 456 -0.0593313
10 457 0.00852179
10 458 0.000806074
10 459 0.0403823
11 1 0.0389424
11 2 -0.0695383
11 3 0.0198434
11 4 -0.0345446
11 5 -0.0687099
11 6 0.0169362
11 7 0.0547061
11 8 0.0818823
11 9 -0.0107745
11 10 -0.616355
11 11 4.57135
11 12 -0.228507
11 13 0.000134889
11 14 0.0213894
11 15 -0.00147548
11 16 6.98584e-05
11 17 0.0238493
11 18 6.91926e-05
11 19 0.00204704
11 20 0.0327581
11 21 0.000365791
11 22 -0.145743
11 23 0.299598
11 24 -0.0780267
11 25 0.0874333
11 26 0.412876
11 27 -0.103757
11 28 -0.222037
11 29 -0.225585
11 30 0.0473693
11 31 -0.0874824
11 32 0.376987
11 33 -0.158355
11 34 -0.000345497
11 35 -0.0166874
11 36 -1.51407e-05
11 37 0.0338691
11 38 -0.0621765
11 39 0.0119971
11 40 0.402012
11 41 -1.94647
11 42 0.745448
11 43 0.0584382
11 44 0.0231596
11 45 -0.0269879
11 46 -0.0237298
11 47 0.0633749
11 48 -0.0126972
11 49 0.00176839
11 50 -0.175875
11 51 0.0311581
11 52 -0.358475
11 53 -0.0764595
11 54 0.220907
11 55 0.00722179
11 56 0.0820806
11 57 0.00252206
11 58 0.0181442
11 59 0.0355445
11 60 -0.0855646
11 61 -0.0148582
11 62 0.155261
11 63 -0.166793
11 64 0.0285547
11 65 -0.569936
11 66 0.127628
11 115 -0.0341249
11 116 -0.0472913
11 117 -0.000684332
11 118 -0.00115016
11 119 0.0184108
11 120 0.000193932
11 121 -0.000116641
11 122 0.0354719
11 123 0.000764622
11 124 0.0868171
11 125 0.33744
11 126 0.0325285
11 127 -0.0827607
11 128 0.236133
11 129 0.0454495
11 130 -0.00334603
11 131 -0.001632
11 132 0.00323716
11 133 0.0393535
11 134 -0.0128936
11 135 -0.0184488
11 136 0.376547
11 137 -1.16853
11 138 -0.208577
11 139 0.00614617
11 140 -0.0862227
11 141 0.00595004
11 142 -0.00905529
11 143 0.125123
11 144 -0.0198812
11 244 -0.0642436
11 245 0.197117
11 246 -0.0083045
11 247 0.0277369
11 248 0.0301746
11 249 0.00827968
11 250 0.00226104
11 251 0.00265799
11 252 -0.0033772
11 253 0.39148
11 254 -1.39959
11 255 0.210198
11 256 0.0973592
11 257 -0.10233
11 258 0.0161748
11 259 0.0320822
11 260 -0.0937429
11 261 0.0396938
11 262 -0.0519668
11 263 0.210347
11 264 -0.122876
11 265 0.0162238
11 266 -0.0897193
11 267 0.0366901
11 268 -0.00507345
11 269 -0.0170328
11 270 -0.00555853
11 271 -0.095464
11 272 0.314936
11 273 -0.100938
11 325 -0.0756477
11 326 0.354985
11 327 0.0320228
11 328 0.0273903
11 329 -0.0466621
11 330 -0.0071878
11 331 0.001106
11 332 -0.0165509
11 333 -0.00332504
11 334 0.411825
11 335 -1.98566
11 336 -0.514545
11 337 0.0989239
11 338 -0.198343
11 339 0.0157602
11 340 0.0396937
11 341 -0.079005
11 342 -0.0650866
11 343 -0.057685
11 344 0.148525
11 345 0.128257
11 346 0.0122336
11 347 -0.0376031
11 348 -0.0367973
11 349 -0.00457189
11 350 -0.0204583
11 351 0.00173704
11 352 -0.123856
11 353 0.254354
11 354 0.206894
11 406 0.0249895
11 407 0.0807051
11 408 0.026339
11 409 -0.0429052
11 410 0.118548
11 411 0.00867919
11 412 -0.476917
11 413 0.480963
11 414 0.0983188
11 415 0.0562686
11 416 -0.124155
11 417 -0.0224791
11 418 0.0608673
11 419 -0.0232671
11 420 0.0237801
11 421 0.19883
11 422 -0.362619
11 423 -0.0813706
11 424 -0.0583544
11 425 0.0308966
11 426 0.0134422
11 427 -0.068925
11 428 0.113969
11 429 -0.0593313
11 430 0.000806074
11 431 0.00852179
11 432 0.0403823
11 433 0.0345385
11 434 -0.101432
11 435 -0.0501393
11 451 0.0660386
11 452 -0.192488
11 453 -0.0802281
11 454 -0.0795386
11 455 0.0724901
11 456 0.110762
11 457 -0.0266499
11 458 -0.0304998
11 459 -0.0237741
12 1 0.0284592
12 2 0.0284592
12 3 -0.00202235
12 4 -0.0154439
12 5 0.029477
12 6 0.00867992
12 7 -0.0205016
12 8 -0.0205016
12 9 0.120586
12 10 -0.228507
12 11 -0.228507
12 12 1.89973
12 13 -0.000150975
12 14 -0.00184696
12 15 0.0161206
12 16 8.70219e-05
12 17 8.70219e-05
12 18 0.0246165
12 19 0.00139729
12 20 0.000166736
12 21 0.0330487
12 22 -0.105789
12 23 -0.105789
12 24 -0.024477
12 25 0.0783056
12 26 -0.141896
12 27 -0.0450894
12 28 0.0817424
12 29 0.0817424
12 30 -0.507638
12 31 0.033681
12 32 -0.121947
12 33 0.0919079
12 34 0.00213674
12 35 -0.00558251
12 36 0.0190742
12 37 -0.00821147
12 38 0.0034567
12 39 0.0166975
12 40 -0.172509
12 41 0.632125
12 42 -0.497324
12 43 -0.018568
12 44 -0.018568
12 45 0.0109688
12 46 -0.0152293
12 47 -0.0152293
12 48 0.0268726
12 49 0.0106541
12 50 0.0378211
12 51 0.000435009
12 52 0.165184
12 53 0.165184
12 54 -0.223198
12 55 -0.0063764
12 56 -0.0063764
12 57 0.024183
12 58 -0.0628557
12 59 -0.0628557
12 60 0.107563
12 61 -0.0144867
12 62 -0.142656
12 63 0.123869
12 64 0.130219
12 65 0.130219
12 66 -0.538727
12 115 0.029477
12 116 -0.0154439
12 117 0.00867992
12 118 -0.00184696
12 119 -0.000150975
12 120 0.0161206
12 121 0.000166736
12 122 0.00139729
12 123 0.0330487
12 124 -0.141896
12 125 0.0783056
12 126 -0.0450894
12 127 -0.121947
12 128 0.033681
12 129 0.0919079
12 130 -0.00558251
12 131 0.00213674
12 132 0.0190742
12 133 0.0034567
12 134 -0.00821147
12 135 0.0166975
12 136 0.632125
12 137 -0.172509
12 138 -0.497324
12 139 0.0378211
12 140 0.0106541
12 141 0.000435009
12 142 -0.142656
12 143 -0.0144867
12 144 0.123869
12 244 0.00151598
12 245 2.09444e-06
12 246 0.0530106
12 247 0.00363361
12 248 -0.000574101
12 249 0.033033
12 250 0.00435445
12 251 -0.00419318
12 252 0.0615357
12 253 -0.39417
12 254 0.163526
12 255 -0.646806
12 256 -0.0061221
12 257 0.0431924
12 258 0.059755
12 259 -0.0501425
12 260 0.0320829
12 261 -0.0790055
12 262 0.11045
12 263 -0.10765
12 264 0.116975
12 265 -0.0426726
12 266 0.0386438
12 267 -0.0569304
12 268 0.00114689
12 269 -0.00460199
12 270 -0.0026507
12 271 0.173937
12 272 -0.0977859
12 273 0.276142
12 325 2.09444e-06
12 326 0.00151598
12 327 0.0530106
12 328 -0.000574101
12 329 0.00363361
12 330 0.033033
12 331 -0.00419318
12 332 0.00435445
12 333 0.0615357
12 334 0.163526
12 335 -0.39417
12 336 -0.646806
12 337 0.0431924
12 338 -0.0061221
12 339 0.059755
12 340 0.0320829
12 341 -0.0501425
12 342 -0.0790055
12 343 -0.10765
12 344 0.11045
12 345 0.116975
12 346 0.0386438
12 347 -0.0426726
12 348 -0.0569304
12 349 -0.00460199
12 350 0.00114689
12 351 -0.0026507
12 352 -0.0977859
12 353 0.173937
12 354 0.276142
12 406 0.014565
12 407 0.014565
12 408 0.0861899
12 409 0.0116635
12 410 0.0116635
12 411 0.066337
12 412 0.149136
12 413 0.149136
12 414 -0.0441665
12 415 -0.0659153
12 416 -0.0211794
12 417 -0.0281178
12 418 0.0146043
12 419 0.0146043
12 420 -0.00254849
12 421 -0.0858298
12 422 -0.0858298
12 423 -0.541616
12 424 0.00860449
12 425 0.00860449
12 426 0.209787
12 427 0.0883334
12 428 -0.0502191
12 429 0.133098
12 430 -0.0492103
12 431 0.0381095
12 432 0.00860763
12 433 -0.0456732
12 434 -0.0456732
12 435 -0.110469
12 451 -0.0211794
12 452 -0.0659153
12 453 -0.0281178
12 454 -0.0502191
12 455 0.0883334
12 456 0.133098
12 457 0.0381095
12 458 -0.0492103
12 459 0.00860763
13 1 0.0114903
13 2 9.46573e-05
13 3 -0.000580201
13 4 -0.00255869
13 5 -0.000112876
13 6 0.000986989
13 7 -0.00230637
13 8 6.01622e-05
13 9 -8.21817e-05
13 10 0.0184108
13 11 0.000134889
13 12 -0.000150975
13 13 0.108563
13 14 -1.68605e-05
13 15 -0.000306233
13 16 0.0192125
13 17 0.000260106
13 18 1.92746e-05
13 19 0.0198929
13 20 -0.000291199
13 21 8.73738e-06
13 22 -0.0610436
13 23 0.000991142
13 24 0.00227592
13 25 -0.00565806
13 26 -0.000816588
13 27 -0.0028446
13 28 -0.00965617
13 29 -0.000230213
13 30 0.0003272
13 31 0.0123404
13 32 1.68533e-05
13 33 -3.68951e-05
13 34 -0.0436256
13 35 -0.00159476
13 36 0.000905988
13 37 0.0117352
13 38 0.00163882
13 39 -0.00090803
13 40 -0.0765587
13 41 -0.000131131
13 42 0.000399839
14 1 -5.75859e-05
14 2 0.0138185
14 3 0.000482874
14 4 6.66613e-05
14 5 -0.00336806
14 6 0.000653518
14 7 0.000232221
14 8 -0.000862969
14 9 -0.000221552
14 10 -0.00115016
14 11 0.0213894
14 12 -0.00184696
14 13 -1.68605e-05
14 14 0.105958
14 15 -0.000736945
14 16 0.000185998
14 17 0.018716
14 18 5.64195e-05
14 19 -0.00029567
14 20 0.0199709
14 21 2.10457e-05
14 22 0.00113232
14 23 -0.0638898
14 24 -0.0010027
14 25 -0.0014013
14 26 0.00367786
14 27 -0.00123079
14 28 -0.00091824
14 29 -0.0156178
14 30 0.000880372
14 31 -0.000208359
14 32 0.0124426
14 33 9.40459e-05
14 34 -0.000989525
14 35 -0.0447125
14 36 0.000177112
14 37 0.00140083
14 38 0.012476
14 39 -9.85e-05
14 40 0.00202267
14 41 -0.079743
14 42 0.00284104
15 1 -0.000262333
15 2 0.000474252
15 3 0.0157628
15 4 0.000632075
15 5 0.000659062
15 6 0.000748331
15 7 -0.000104923
15 8 -0.00026086
15 9 -0.00364939
15 10 0.000193932
15 11 -0.00147548
15 12 0.0161206
15 13 -0.000306233
15 14 -0.000736945
15 15 0.102377
15 16 2.04421e-05
15 17 6.37231e-05
15 18 0.019517
15 19 1.86392e-05
15 20 2.68827e-05
15 21 0.019961
15 22 0.00120091
15 23 -0.000947925
15 24 -0.0673645
15 25 -0.00149708
15 26 -0.00122132
15 27 -0.0073063
15 28 0.000414805
15 29 0.00103682
15 30 -0.00408254
15 31 -1.92658e-05
15 32 0.000177738
15 33 0.0120228
15 34 0.000543226
15 35 0.000152994
15 36 -0.0443125
15 37 -0.000618129
15 38 -0.000138035
15 39 0.0126087
15 40 -0.000201244
15 41 0.00225807
15 42 -0.0718448
16 1 0.019909
16 2 0.0013025
16 3 8.67669e-05
16 4 0.00709728
16 5 -0.00149242
16 6 -5.43544e-05
16 7 0.000780996
16 8 0.00141167
16 9 0.000331424
16 10 0.0238493
16 11 6.98584e-05
16 12 8.70219e-05
16 13 0.0192125
16 14 0.000185998
16 15 2.04421e-05
16 16 0.178525
16 17 -0.000557712
16 18 -0.000156482
16 19 0.0433197
16 20 0.000312715
16 21 1.24063e-05
16 22 -0.180775
16 23 -0.00597451
16 24 -0.000271163
16 25 -0.0727498
16 26 0.00598736
16 27 0.000184502
16 28 -0.0372354
16 29 -0.00744661
16 30 -0.00127872
16 115 0.00671473
16 116 -0.00185348
16 117 -0.000305519
16 118 0.018716
16 119 0.000260106
16 120 6.37231e-05
16 121 0.0440831
16 122 0.000437768
16 123 1.60039e-05
16 124 -0.071348
16 125 0.00735723
16 126 0.00127188
17 1 0.0013025
17 2 0.019909
17 3 8.67669e-05
17 4 -0.00185348
17 5 0.00671473
17 6 -0.000305519
17 7 0.00141167
17 8 0.000780996
17 9 0.000331424
17 10 6.98584e-05
17 11 0.0238493
17 12 8.70219e-05
17 13 0.000260106
17 14 0.018716
17 15 6.37231e-05
17 16 -0.000557712
17 17 0.178525
17 18 -0.000156482
17 19 0.000437768
17 20 0.0440831
17 21 1.60039e-05
17 22 -0.00597451
17 23 -0.180775
17 24 -0.000271163
17 25 0.00735723
17 26 -0.071348
17 27 0.00127188
17 28 -0.00744661
17 29 -0.0372354
17 30 -0.00127872
17 115 -0.00149242
17 116 0.00709728
17 117 -5.43544e-05
17 118 0.000185998
17 119 0.0192125
17 120 2.04421e-05
17 121 0.000312715
17 122 0.0433197
17 123 1.24063e-05
17 124 0.00598736
17 125 -0.0727498
17 126 0.000184502
18 1 0.000131237
18 2 0.000131237
18 3 0.0256134
18 4 -8.00055e-05
18 5 -0.000269952
18 6 0.00195896
18 7 0.000276463
18 8 0.000276463
18 9 0.00525792
18 10 6.91926e-05
18 11 6.91926e-05
18 12 0.0246165
18 13 1.92746e-05
18 14 5.64195e-05
18 15 0.019517
18 16 -0.000156482
18 17 -0.000156482
18 18 0.174821
18 19 2.2921e-05
18 20 1.15295e-05
18 21 0.044913
18 22 -0.000463069
18 23 -0.000463069
18 24 -0.202544
18 25 0.000280916
18 26 0.00113207
18 27 -0.0523139
18 28 -0.00102259
18 29 -0.00102259
18 30 -0.0556765
18 115 -0.000269952
18 116 -8.00055e-05
18 117 0.00195896
18 118 5.64195e-05
18 119 1.92746e-05
18 120 0.019517
18 121 1.15295e-05
18 122 2.2921e-05
18 123 0.044913
18 124 0.00113207
18 125 0.000280916
18 126 -0.0523139
19 1 0.00571576
19 2 -0.000193575
19 3 -0.0001494
19 4 0.0225368
19 5 0.000550737
19 6 -0.000405018
19 7 -0.00143187
19 8 7.7286e-07
19 9 -0.000494982
19 10 0.0354719
19 11 0.00204704
19 12 0.00139729
19 13 0.0198929
19 14 -0.00029567
19 15 1.86392e-05
19 16 0.0433197
19 17 0.000437768
19 18 2.2921e-05
19 19 0.212215
19 20 -0.000621975
19 21 0.000738005
19 22 -0.0677176
19 23 0.000687224
19 24 0.000617132
19 25 -0.219947
19 26 -0.00243821
19 27 0.000328143
19 28 -0.063324
19 29 0.00345497
19 30 0.000342181
19 244 0.00393489
19 245 0.000289162
19 246 -0.000267684
19 247 0.0296978
19 248 0.00159531
19 249 -3.29e-05
19 250 0.0677264
19 251 -0.00244672
19 252 0.000113589
19 253 -0.0876228
19 254 -0.00307031
19 255 -0.00230483
20 1 -6.89806e-06
20 2 0.00370685
20 3 -0.000115838
20 4 0.000494318
20 5 0.0203316
20 6 -0.000784216
20 7 0.000111899
20 8 -0.00297444
20 9 0.00159812
20 10 -0.000116641
20 11 0.0327581
20 12 0.000166736
20 13 -0.000291199
20 14 0.0199709
20 15 2.68827e-05
20 16 0.000312715
20 17 0.0440831
20 18 1.15295e-05
20 19 -0.000621975
20 20 0.217194
20 21 -0.000654649
20 22 1.00351e-05
20 23 -0.0599383
20 24 0.000465486
20 25 -0.00309962
20 26 -0.223071
20 27 0.00357409
20 28 0.00329073
20 29 -0.0686183
20 30 -0.00444818
20 244 -1.50226e-05
20 245 0.00413454
20 246 -1.3887e-06
20 247 0.00231039
20 248 0.0317739
20 249 0.00132906
20 250 -0.0024234
20 251 0.0660547
20 252 -0.00140059
20 253 4.11835e-05
20 254 -0.0849542
20 255 0.000267613
21 1 -0.000100515
21 2 -0.000111614
21 3 0.0017235
21 4 -0.000453034
21 5 -0.000306474
21 6 0.0302079
21 7 -0.000443175
21 8 0.00106206
21 9 0.00113057
21 10 0.000764622
21 11 0.000365791
21 12 0.0330487
21 13 8.73738e-06
21 14 2.10457e-05
21 15 0.019961
21 16 1.24063e-05
21 17 1.60039e-05
21 18 0.044913
21 19 0.000738005
21 20 -0.000654649
21 21 0.205041
21 22 0.000432128
21 23 0.00044788
21 24 -0.05225
21 25 0.0005066
21 26 0.00195614
21 27 -0.240663
21 28 3.93967e-05
21 29 -0.00245706
21 30 -0.0621805
21 244 -0.000406252
21 245 -7.18347e-05
21 246 0.00428447
21 247 3.84896e-05
21 248 0.000762307
21 249 0.0292241
21 250 0.000173636
21 251 -0.000855128
21 252 0.0682571
21 253 -0.00138795
21 254 -0.000139816
21 255 -0.0816224
22 1 -0.571893
22 2 -0.00823007
22 3 0.0684147
22 4 0.22282
22 5 -0.00806196
22 6 -0.0081975
22 7 0.0100358
22 8 0.0269356
22 9 -0.00128824
22 10 0.299598
22 11 -0.145743
22 12 -0.105789
22 13 -0.0610436
22 14 0.00113232
22 15 0.00120091
22 16 -0.180775
22 17 -0.00597451
22 18 -0.000463069
22 19 -0.0677176
22 20 1.00351e-05
22 21 0.000432128
22 22 2.09243
22 23 0.00337814
22 24 -0.223907
22 25 -0.770348
22 26 0.0269893
22 27 0.0300387
22 28 0.0485856
22 29 -0.11848
22 30 0.00524884
22 31 -0.0181732
22 32 -0.0181532
22 33 0.00539867
22 34 0.255888
22 35 0.021271
22 36 -0.0202738
22 37 -0.185858
22 38 0.00699754
22 39 0.00417313
22 40 0.0788038
22 41 0.229174
22 42 -0.09578
22 43 0.0931222
22 44 0.0436249
22 45 -0.0295017
22 46 0.0812601
22 47 -0.00680029
22 48 -0.0152608
22 49 -0.0983573
22 50 -0.021812
22 51 0.0235894
22 52 -0.57777
22 53 -0.235845
22 54 0.190564
22 115 0.10092
22 116 -0.00684135
22 117 -0.0230797
22 118 -0.0638898
22 119 0.000991142
22 120 -0.000947925
22 121 -0.0599383
22 122 0.000687224
22 123 0.00044788
22 124 -0.320511
22 125 0.0247225
22 126 0.0780683
22 127 0.0237933
22 128 -0.00758808
22 129 -0.0054195
22 130 0.148968
22 131 0.0211726
22 132 -0.04389
22 133 -0.0868752
22 134 0.00320283
22 135 0.0270155
22 136 -0.194534
22 137 0.204234
22 138 0.0751086
22 139 -0.16871
22 140 -0.0295926
22 141 0.0714183
23 1 -0.00823007
23 2 -0.571893
23 3 0.0684147
23 4 -0.00684135
23 5 0.10092
23 6 -0.0230797
23 7 0.0269356
23 8 0.0100358
23 9 -0.00128824
23 10 -0.145743
23 11 0.299598
23 12 -0.105789
23 13 0.000991142
23 14 -0.0638898
23 15 -0.000947925
23 16 -0.00597451
23 17 -0.180775
23 18 -0.000463069
23 19 0.000687224
23 20 -0.0599383
23 21 0.00044788
23 22 0.00337814
23 23 2.09243
23 24 -0.223907
23 25 0.0247225
23 26 -0.320511
23 27 0.0780683
23 28 -0.11848
23 29 0.0485856
23 30 0.00524884
23 31 -0.00758808
23 32 0.0237933
23 33 -0.0054195
23 34 0.0211726
23 35 0.148968
23 36 -0.04389
23 37 0.00320283
23 38 -0.0868752
23 39 0.0270155
23 40 0.204234
23 41 -0.194534
23 42 0.0751086
23 43 0.0436249
23 44 0.0931222
23 45 -0.0295017
23 46 -0.00680029
23 47 0.0812601
23 48 -0.0152608
23 49 -0.0295926
23 50 -0.16871
23 51 0.0714183
23 52 -0.235845
23 53 -0.57777
23 54 0.190564
23 115 -0.00806196
23 116 0.22282
23 117 -0.0081975
23 118 0.00113232
23 119 -0.0610436
23 120 0.00120091
23 121 1.00351e-05
23 122 -0.0677176
23 123 0.000432128
23 124 0.0269893
23 125 -0.770348
23 126 0.0300387
23 127 -0.0181532
23 128 -0.0181732
23 129 0.00539867
23 130 0.021271
23 131 0.255888
23 132 -0.0202738
23 133 0.00699754
23 134 -0.185858
23 135 0.00417313
23 136 0.229174
23 137 0.0788038
23 138 -0.09578
23 139 -0.021812
23 140 -0.0983573
23 141 0.0235894
24 1 0.0691521
24 2 0.0691521
24 3 -0.185127
24 4 -0.0147387
24 5 -0.0228038
24 6 0.00508733
24 7 -0.0025331
24 8 -0.0025331
24 9 0.00719791
24 10 -0.0780267
24 11 -0.0780267
24 12 -0.024477
24 13 0.00227592
24 14 -0.0010027
24 15 -0.0673645
24 16 -0.000271163
24 17 -0.000271163
24 18 -0.202544
24 19 0.000617132
24 20 0.000465486
24 21 -0.05225
24 22 -0.223907
24 23 -0.223907
24 24 0.67862
24 25 0.05253
24 26 0.0772634
24 27 0.0464368
24 28 0.0103495
24 29 0.0103495
24 30 0.0597638
24 31 -0.00382544
24 32 0.00387654
24 33 -0.00639934
24 34 -0.0183473
24 35 -0.0472485
24 36 0.0709746
24 37 0.00914264
24 38 0.0266837
24 39 -0.0201023
24 40 -0.0529787
24 41 0.0274245
24 42 0.0323934
24 43 -0.019355
24 44 -0.019355
24 45 0.0379687
24 46 -0.0184074
24 47 -0.0184074
24 48 0.0602625
24 49 0.0236199
24 50 0.0607982
24 51 -0.0516015
24 52 0.146567
24 53 0.146567
24 54 -0.282185
24 115 -0.0228038
24 116 -0.0147387
24 117 0.00508733
24 118 -0.0010027
24 119 0.00227592
24 120 -0.0673645
24 121 0.000465486
24 122 0.000617132
24 123 -0.05225
24 124 0.0772634
24 125 0.05253
24 126 0.0464368
24 127 0.00387654
24 128 -0.00382544
24 129 -0.00639934
24 130 -0.0472485
24 131 -0.0183473
24 132 0.0709746
24 133 0.0266837
24 134 0.00914264
24 135 -0.0201023
24 136 0.0274245
24 137 -0.0529787
24 138 0.0323934
24 139 0.0607982
24 140 0.0236199
24 141 -0.0516015
25 1 0.230799
25 2 0.000141437
25 3 -0.0154015
25 4 -0.592242
25 5 0.0140427
25 6 -0.028929
25 7 0.148106
25 8 -0.0178846
25 9 0.0207229
25 10 0.33744
25 11 0.0874333
25 12 0.0783056
25 13 -0.00565806
25 14 -0.0014013
25 15 -0.00149708
25 16 -0.0727498
25 17 0.00735723
25 18 0.000280916
25 19 -0.219947
25 20 -0.00309962
25 21 0.0005066
25 22 -0.770348
25 23 0.0247225
25 24 0.05253
25 25 2.24197
25 26 -0.0601582
25 27 0.0770372
25 28 -0.441882
25 29 0.0860245
25 30 -0.0616492
25 31 0.0321818
25 32 -0.0048247
25 33 0.00846484
25 34 -0.19979
25 35 -0.0306541
25 36 0.0188528
25 37 0.265712
25 38 0.0170338
25 39 -0.00316653
25 40 -0.410562
25 41 -0.110527
25 42 0.0329693
25 244 -0.0161967
25 245 -0.00797194
25 246 -0.014574
25 247 0.151936
25 248 -0.0141786
25 249 0.0574958
25 250 -0.203487
25 251 -0.00817034
25 252 -0.033716
25 253 -0.0213101
25 254 -0.125691
25 255 -0.02718
25 256 -0.420578
25 257 0.146852
25 258 -0.166444
26 1 -0.00183939
26 2 0.10636
26 3 -0.0248051
26 4 0.0148015
26 5 -0.629185
26 6 0.0726298
26 7 -0.0165388
26 8 0.300692
26 9 -0.014732
26 10 0.0868171
26 11 0.412876
26 12 -0.141896
26 13 -0.000816588
26 14 0.00367786
26 15 -0.00122132
26 16 0.00598736
26 17 -0.071348
26 18 0.00113207
26 19 -0.00243821
26 20 -0.223071
26 21 0.00195614
26 22 0.0269893
26 23 -0.320511
26 24 0.0772634
26 25 -0.0601582
26 26 2.36569
26 27 -0.252877
26 28 0.08354
26 29 -1.00873
26 30 0.0537352
26 31 -0.00786103
26 32 0.0353221
26 33 0.0193704
26 34 -0.023542
26 35 -0.105054
26 36 0.0328714
26 37 0.0114257
26 38 0.142796
26 39 -0.0460711
26 40 -0.095848
26 41 -0.734901
26 42 0.178561
26 244 -0.00382097
26 245 -0.0194394
26 246 -0.00313257
26 247 -0.0140857
26 248 0.317549
26 249 -0.0347251
26 250 -0.00955001
26 251 -0.348129
26 252 0.00876278
26 253 -0.132407
26 254 0.234171
26 255 -0.0785965
26 256 0.138391
26 257 -0.424563
26 258 0.160236
27 1 -0.0084839
27 2 -0.0249066
27 3 0.00492876
27 4 -0.0312408
27 5 0.0743999
27 6 -0.174254
27 7 0.0215489
27 8 -0.0233877
27 9 0.0208386
27 10 0.0325285
27 11 -0.103757
27 12 -0.0450894
27 13 -0.0028446
27 14 -0.00123079
27 15 -0.0073063
27 16 0.000184502
27 17 0.00127188
27 18 -0.0523139
27 19 0.000328143
27 20 0.00357409
27 21 -0.240663
27 22 0.0300387
27 23 0.0780683
27 24 0.0464368
27 25 0.0770372
27 26 -0.252877
27 27 0.662191
27 28 -0.0653918
27 29 0.082846
27 30 0.0491638
27 31 0.0082257
27 32 0.030854
27 33 0.00372547
27 34 0.0128655
27 35 0.0323808
27 36 -0.0257049
27 37 0.000869648
27 38 -0.05388
27 39 0.0796943
27 40 0.0168266
27 41 0.10915
27 42 -0.209736
27 244 -0.0256088
27 245 -0.00430281
27 246 -0.0236114
27 247 0.0659801
27 248 -0.0367376
27 249 0.0291543
27 250 -0.0334213
27 251 0.0163692
27 252 -0.0936878
27 253 0.0353213
27 254 -0.0559741
27 255 0.160798
27 256 -0.140155
27 257 0.136601
27 258 -0.110415
28 1 -0.000836809
28 2 0.0288255
28 3 -0.00240797
28 4 0.138118
28 5 -0.0263441
28 6 0.0231791
28 7 -1.05435
28 8 0.028683
28 9 -0.0376027
28 10 -0.225585
28 11 -0.222037
28 12 0.0817424
28 13 -0.00965617
28 14 -0.00091824
28 15 0.000414805
28 16 -0.0372354
28 17 -0.00744661
28 18 -0.00102259
28 19 -0.063324
28 20 0.00329073
28 21 3.93967e-05
28 22 0.0485856
28 23 -0.11848
28 24 0.0103495
28 25 -0.441882
28 26 0.08354
28 27 -0.0653918
28 28 3.22278
28 29 -0.131061
28 30 0.0986344
28 115 0.295247
28 116 -0.0289082
28 117 -0.0226277
28 118 -0.0156178
28 119 -0.000230213
28 120 0.00103682
28 121 -0.0686183
28 122 0.00345497
28 123 -0.00245706
28 124 -1.00873
28 125 0.0860245
28 126 0.082846
28 244 0.0164634
28 245 -0.0154709
28 246 -0.0017499
28 247 -0.137688
28 248 0.0320113
28 249 -0.0389323
28 250 0.0602279
28 251 0.00680801
28 252 0.0565569
28 253 -0.359548
28 254 0.255812
28 255 -0.156126
28 325 -0.0232335
28 326 -0.0184461
28 327 -0.00170152
28 328 -0.275665
28 329 0.0384024
28 330 0.024268
28 331 0.223216
28 332 0.00384494
28 333 -0.00667618
28 334 -0.023557
28 335 0.277316
28 336 0.0937433
28 406 0.00142265
28 407 0.0506664
28 408 0.0152949
28 409 -0.0136511
28 410 -0.0157311
28 411 0.0240336
28 412 -0.0117053
28 413 -0.260171
28 414 -0.113761
28 415 -0.126913
28 416 -0.0274157
28 417 -0.0525326
28 451 -0.0530489
28 452 -0.0247553
28 453 -0.0182566
29 1 0.0288255
29 2 -0.000836809
29 3 -0.00240797
29 4 -0.0289082
29 5 0.295247
29 6 -0.0226277
29 7 0.028683
29 8 -1.05435
29 9 -0.0376027
29 10 -0.222037
29 11 -0.225585
29 12 0.0817424
29 13 -0.000230213
29 14 -0.0156178
29 15 0.00103682
29 16 -0.00744661
29 17 -0.0372354
29 18 -0.00102259
29 19 0.00345497
29 20 -0.0686183
29 21 -0.00245706
29 22 -0.11848
29 23 0.0485856
29 24 0.0103495
29 25 0.0860245
29 26 -1.00873
29 27 0.082846
29 28 -0.131061
29 29 3.22278
29 30 0.0986344
29 115 -0.0263441
29 116 0.138118
29 117 0.0231791
29 118 -0.00091824
29 119 -0.00965617
29 120 0.000414805
29 121 0.00329073
29 122 -0.063324
29 123 3.93967e-05
29 124 0.08354
29 125 -0.441882
29 126 -0.0653918
29 244 -0.0184461
29 245 -0.0232335
29 246 -0.00170152
29 247 0.0384024
29 248 -0.275665
29 249 0.024268
29 250 0.00384494
29 251 0.223216
29 252 -0.00667618
29 253 0.277316
29 254 -0.023557
29 255 0.0937433
29 325 -0.0154709
29 326 0.0164634
29 327 -0.0017499
29 328 0.0320113
29 329 -0.137688
29 330 -0.0389323
29 331 0.00680801
29 332 0.0602279
29 333 0.0565569
29 334 0.255812
29 335 -0.359548
29 336 -0.156126
29 406 0.0506664
29 407 0.00142265
29 408 0.0152949
29 409 -0.0157311
29 410 -0.0136511
29 411 0.0240336
29 412 -0.260171
29 413 -0.0117053
29 414 -0.113761
29 415 -0.0247553
29 416 -0.0530489
29 417 -0.0182566
29 451 -0.0274157
29 452 -0.126913
29 453 -0.0525326
30 1 -0.00110286
30 2 -0.00110286
30 3 -0.00295373
30 4 0.0220648
30 5 -0.0135329
30 6 0.00375333
30 7 -0.0387858
30 8 -0.0387858
30 9 -0.534649
30 10 0.0473693
30 11 0.0473693
30 12 -0.507638
30 13 0.0003272
30 14 0.000880372
30 15 -0.00408254
30 16 -0.00127872
30 17 -0.00127872
30 18 -0.0556765
30 19 0.000342181
30 20 -0.00444818
30 21 -0.0621805
30 22 0.00524884
30 23 0.00524884
30 24 0.0597638
30 25 -0.0616492
30 26 0.0537352
30 27 0.0491638
30 28 0.0986344
30 29 0.0986344
30 30 1.24407
30 115 -0.0135329
30 116 0.0220648
30 117 0.00375333
30 118 0.000880372
30 119 0.0003272
30 120 -0.00408254
30 121 -0.00444818
30 122 0.000342181
30 123 -0.0621805
30 124 0.0537352
30 125 -0.0616492
30 126 0.0491638
30 244 -0.0144701
30 245 0.00893328
30 246 -0.0189326
30 247 -0.0379329
30 248 0.015827
30 249 -0.0193259
30 250 0.0634817
30 251 -0.0114379
30 252 -0.0545378
30 253 -0.0847937
30 254 0.0253309
30 255 0.0858013
30 325 0.00893328
30 326 -0.0144701
30 327 -0.0189326
30 328 0.015827
30 329 -0.0379329
30 330 -0.0193259
30 331 -0.0114379
30 332 0.0634817
30 333 -0.0545378
30 334 0.0253309
30 335 -0.0847937
30 336 0.0858013
30 406 0.00190721
30 407 0.00190721
30 408 -0.0115415
30 409 0.0296966
30 410 0.0296966
30 411 -0.0631686
30 412 -0.0585995
30 413 -0.0585995
30 414 0.0837794
30 415 -0.0390977
30 416 -0.015757
30 417 -0.0240106
30 451 -0.015757
30 452 -0.0390977
30 453 -0.0240106
31 1 0.00592917
31 2 -0.00342106
31 3 0.0024478
31 4 0.0358739
31 5 0.00262044
31 6 0.00139836
31 10 0.236133
31 11 -0.0874824
31 12 0.033681
31 13 0.0123404
31 14 -0.000208359
31 15 -1.92658e-05
31 22 -0.0181732
31 23 -0.00758808
31 24 -0.00382544
31 25 0.0321818
31 26 -0.00786103
31 27 0.0082257
31 31 2.55212
31 32 0.054845
31 33 0.054845
31 34 -0.0130928
31 35 0.0215516
31 36 -0.00411681
31 37 -0.138581
31 38 -0.000220784
31 39 -0.0128551
31 40 -0.884474
31 41 0.377168
31 42 -0.181323
31 43 0.355186
31 44 -0.0640161
31 45 -0.0640161
31 46 0.0077598
31 47 -0.00151791
31 48 -0.00187255
31 49 -1.2719
31 50 0.24021
31 51 0.24021
31 52 0.0643673
31 53 -0.0782223
31 54 -0.0778347
31 55 -0.0523855
31 56 -0.00119476
31 57 -0.00119476
31 58 -0.0957903
31 59 -0.0268484
31 60 -0.0268484
31 61 0.439449
31 62 0.0284072
31 63 0.0284072
31 64 -0.0190697
31 65 0.0073871
31 66 -0.018009
31 67 0.00592917
31 68 0.0024478
31 69 -0.00342106
31 70 0.0358739
31 71 0.00139836
31 72 0.00262044
31 76 0.236133
31 77 0.033681
31 78 -0.0874824
31 79 0.0123404
31 80 -1.92658e-05
31 81 -0.000208359
31 88 -0.0181732
31 89 -0.00382544
31 90 -0.00758808
31 91 0.0321818
31 92 0.0082257
31 93 -0.00786103
31 97 -0.0130928
31 98 -0.00411681
31 99 0.0215516
31 100 -0.138581
31 101 -0.0128551
31 102 -0.000220784
31 103 -0.884474
31 104 -0.181323
31 105 0.377168
31 106 0.0077598
31 107 -0.00187255
31 108 -0.00151791
31 109 0.0643673
31 110 -0.0778347
31 111 -0.0782223
31 112 -0.0190697
31 113 -0.018009
31 114 0.0073871
31 244 0.013505
31 245 0.0539239
31 246 -0.0403519
31 247 0.0139915
31 248 -0.00373483
31 249 0.000544566
31 253 -0.0303299
31 254 -0.0213139
31 255 0.0606902
31 256 -0.101471
31 257 -0.263161
31 258 0.116497
