%%MatrixMarket matrix coordinate real general
51 51 475
1 1 0.00069294
1 2 5.91857e-05
1 3 2.45388e-05
1 4 0.00695376
1 5 0.00087212
1 6 0.000812129
1 12 5.91857e-05
1 13 0.00087212
2 1 5.91857e-05
2 2 0.00108718
2 3 0.000112349
2 4 0.00798059
2 5 0.00224153
2 21 0.0024954
3 1 2.45388e-05
3 2 0.000112349
3 3 0.0019198
3 4 0.0131587
3 12 0.000112349
3 21 0.00187678
3 26 0.00187678
3 31 0.00164779
4 1 0.00695376
4 2 0.00798059
4 3 0.0131587
4 4 0.339756
4 5 0.0454735
4 6 0.0314901
4 7 0.00566646
4 12 0.00798059
4 13 0.0454735
4 21 0.0668021
4 22 0.00362915
4 26 0.0668021
4 27 0.00362915
4 31 0.0441263
4 32 0.0402461
5 1 0.00087212
5 2 0.00224153
5 4 0.0454735
5 5 0.219207
5 6 0.0231142
5 7 0.0136135
5 8 0.00087212
5 9 0.00224153
5 11 0.0454735
5 21 0.0415675
5 22 0.0402449
5 23 0.0170776
5 25 0.0415675
6 1 0.000812129
6 4 0.0314901
6 5 0.0231142
6 6 0.117238
6 7 0.0379135
6 8 0.000812129
6 11 0.0314901
6 13 0.0231142
6 14 0.000812129
6 17 0.0314901
6 19 0.0231142
7 4 0.00566646
7 5 0.0136135
7 6 0.0379135
7 7 0.0395688
7 11 0.00566646
7 13 0.0136135
7 17 0.00566646
7 19 0.0136135
7 22 0.00566718
7 27 0.00566718
7 32 0.0136146
7 36 0.00566718
7 41 0.0136146
7 45 0.0136146
7 48 0.0379154
8 5 0.00087212
8 6 0.000812129
8 8 0.00069294
8 9 5.91857e-05
8 10 2.45388e-05
8 11 0.00695376
8 18 5.91857e-05
8 19 0.00087212
9 5 0.00224153
9 8 5.91857e-05
9 9 0.00108718
9 10 0.000112349
9 11 0.00798059
9 25 0.0024954
10 8 2.45388e-05
10 9 0.000112349
10 10 0.0019198
10 11 0.0131587
10 18 0.000112349
10 25 0.00187678
10 35 0.00187678
10 40 0.00164779
11 5 0.0454735
11 6 0.0314901
11 7 0.00566646
11 8 0.00695376
11 9 0.00798059
11 10 0.0131587
11 11 0.339756
11 18 0.00798059
11 19 0.0454735
11 22 0.00362915
11 25 0.0668021
11 35 0.0668021
11 36 0.00362915
11 40 0.0441263
11 41 0.0402461
12 1 5.91857e-05
12 3 0.000112349
12 4 0.00798059
12 12 0.00108718
12 13 0.00224153
12 26 0.0024954
13 1 0.00087212
13 4 0.0454735
13 6 0.0231142
13 7 0.0136135
13 12 0.00224153
13 13 0.219207
13 14 0.00087212
13 15 0.00224153
13 17 0.0454735
13 26 0.0415675
13 27 0.0402449
13 28 0.0170776
13 30 0.0415675
14 6 0.000812129
14 13 0.00087212
14 14 0.00069294
14 15 5.91857e-05
14 16 2.45388e-05
14 17 0.00695376
14 19 0.00087212
14 20 5.91857e-05
15 13 0.00224153
15 14 5.91857e-05
15 15 0.00108718
15 16 0.000112349
15 17 0.00798059
15 30 0.0024954
16 14 2.45388e-05
16 15 0.000112349
16 16 0.0019198
16 17 0.0131587
16 20 0.000112349
16 30 0.00187678
16 39 0.00187678
16 44 0.00164779
17 6 0.0314901
17 7 0.00566646
17 13 0.0454735
17 14 0.00695376
17 15 0.00798059
17 16 0.0131587
17 17 0.339756
17 19 0.0454735
17 20 0.00798059
17 27 0.00362915
17 30 0.0668021
17 36 0.00362915
17 39 0.0668021
17 44 0.0441263
17 45 0.0402461
18 8 5.91857e-05
18 10 0.000112349
18 11 0.00798059
18 18 0.00108718
18 19 0.00224153
18 35 0.0024954
19 6 0.0231142
19 7 0.0136135
19 8 0.00087212
19 11 0.0454735
19 14 0.00087212
19 17 0.0454735
19 18 0.00224153
19 19 0.219207
19 20 0.00224153
19 35 0.0415675
19 36 0.0402449
19 37 0.0170776
19 39 0.0415675
20 14 5.91857e-05
20 16 0.000112349
20 17 0.00798059
20 19 0.00224153
20 20 0.00108718
20 39 0.0024954
21 2 0.0024954
21 3 0.00187678
21 4 0.0668021
21 5 0.0415675
21 21 0.171057
21 22 0.0668017
21 23 0.00996594
21 24 0.00187658
21 31 0.00996571
21 32 0.0415662
21 33 0.00249498
22 4 0.00362915
22 5 0.0402449
22 7 0.00566718
22 11 0.00362915
22 21 0.0668017
22 22 0.339755
22 23 0.0441266
22 24 0.0131576
22 25 0.0668017
22 32 0.0454735
22 33 0.00797955
22 41 0.0454735
22 42 0.00797955
22 48 0.0314894
22 49 0.00695242
23 5 0.0170776
23 21 0.00996594
23 22 0.0441266
23 23 0.0264285
23 24 0.00164765
23 25 0.00996594
24 21 0.00187658
24 22 0.0131576
24 23 0.00164765
24 24 0.00191948
24 25 0.00187658
24 33 0.000112324
24 42 0.000112324
24 49 2.45319e-05
25 5 0.0415675
25 9 0.0024954
25 10 0.00187678
25 11 0.0668021
25 22 0.0668017
25 23 0.00996594
25 24 0.00187658
25 25 0.171057
25 40 0.00996571
25 41 0.0415662
25 42 0.00249498
26 3 0.00187678
26 4 0.0668021
26 12 0.0024954
26 13 0.0415675
26 26 0.171057
26 27 0.0668017
26 28 0.00996594
26 29 0.00187658
26 31 0.00996571
26 32 0.0415662
26 34 0.00249498
27 4 0.00362915
27 7 0.00566718
27 13 0.0402449
27 17 0.00362915
27 26 0.0668017
27 27 0.339755
27 28 0.0441266
27 29 0.0131576
27 30 0.0668017
27 32 0.0454735
27 34 0.00797955
27 45 0.0454735
27 46 0.00797955
27 48 0.0314894
27 50 0.00695242
28 13 0.0170776
28 26 0.00996594
28 27 0.0441266
28 28 0.0264285
28 29 0.00164765
28 30 0.00996594
29 26 0.00187658
29 27 0.0131576
29 28 0.00164765
29 29 0.00191948
29 30 0.00187658
29 34 0.000112324
29 46 0.000112324
29 50 2.45319e-05
30 13 0.0415675
30 15 0.0024954
30 16 0.00187678
30 17 0.0668021
30 27 0.0668017
30 28 0.00996594
30 29 0.00187658
30 30 0.171057
30 44 0.00996571
30 45 0.0415662
30 46 0.00249498
31 3 0.00164779
31 4 0.0441263
31 21 0.00996571
31 26 0.00996571
31 31 0.026428
31 32 0.0170767
32 4 0.0402461
32 7 0.0136146
32 21 0.0415662
32 22 0.0454735
32 26 0.0415662
32 27 0.0454735
32 31 0.0170767
32 32 0.2192
32 33 0.00224106
32 34 0.00224106
32 48 0.023113
32 49 0.0008719
32 50 0.0008719
33 21 0.00249498
33 22 0.00797955
33 24 0.000112324
33 32 0.00224106
33 33 0.00108692
33 49 5.91679e-05
34 26 0.00249498
34 27 0.00797955
34 29 0.000112324
34 32 0.00224106
34 34 0.00108692
34 50 5.91679e-05
35 10 0.00187678
35 11 0.0668021
35 18 0.0024954
35 19 0.0415675
35 35 0.171057
35 36 0.0668017
35 37 0.00996594
35 38 0.00187658
35 40 0.00996571
35 41 0.0415662
35 43 0.00249498
36 7 0.00566718
36 11 0.00362915
36 17 0.00362915
36 19 0.0402449
36 35 0.0668017
36 36 0.339755
36 37 0.0441266
36 38 0.0131576
36 39 0.0668017
36 41 0.0454735
36 43 0.00797955
36 45 0.0454735
36 47 0.00797955
36 48 0.0314894
36 51 0.00695242
37 19 0.0170776
37 35 0.00996594
37 36 0.0441266
37 37 0.0264285
37 38 0.00164765
37 39 0.00996594
38 35 0.00187658
38 36 0.0131576
38 37 0.00164765
38 38 0.00191948
38 39 0.00187658
38 43 0.000112324
38 47 0.000112324
38 51 2.45319e-05
39 16 0.00187678
39 17 0.0668021
39 19 0.0415675
39 20 0.0024954
39 36 0.0668017
39 37 0.00996594
39 38 0.00187658
39 39 0.171057
39 44 0.00996571
39 45 0.0415662
39 47 0.00249498
40 10 0.00164779
40 11 0.0441263
40 25 0.00996571
40 35 0.00996571
40 40 0.026428
40 41 0.0170767
41 7 0.0136146
41 11 0.0402461
41 22 0.0454735
41 25 0.0415662
41 35 0.0415662
41 36 0.0454735
41 40 0.0170767
41 41 0.2192
41 42 0.00224106
41 43 0.00224106
41 48 0.023113
41 49 0.0008719
41 51 0.0008719
42 22 0.00797955
42 24 0.000112324
42 25 0.00249498
42 41 0.00224106
42 42 0.00108692
42 49 5.91679e-05
43 35 0.00249498
43 36 0.00797955
43 38 0.000112324
43 41 0.00224106
43 43 0.00108692
43 51 5.91679e-05
44 16 0.00164779
44 17 0.0441263
44 30 0.00996571
44 39 0.00996571
44 44 0.026428
44 45 0.0170767
45 7 0.0136146
45 17 0.0402461
45 27 0.0454735
45 30 0.0415662
45 36 0.0454735
45 39 0.0415662
45 44 0.0170767
45 45 0.2192
45 46 0.00224106
45 47 0.00224106
45 48 0.023113
45 50 0.0008719
45 51 0.0008719
46 27 0.00797955
46 29 0.000112324
46 30 0.00249498
46 45 0.00224106
46 46 0.00108692
46 50 5.91679e-05
47 36 0.00797955
47 38 0.000112324
47 39 0.00249498
47 45 0.00224106
47 47 0.00108692
47 51 5.91679e-05
48 7 0.0379154
48 22 0.0314894
48 27 0.0314894
48 32 0.023113
48 36 0.0314894
48 41 0.023113
48 45 0.023113
48 48 0.117232
48 49 0.000811871
48 50 0.000811871
48 51 0.000811871
49 22 0.00695242
49 24 2.45319e-05
49 32 0.0008719
49 33 5.91679e-05
49 41 0.0008719
49 42 5.91679e-05
49 48 0.000811871
49 49 0.00069272
50 27 0.00695242
50 29 2.45319e-05
50 32 0.0008719
50 34 5.91679e-05
50 45 0.0008719
50 46 5.91679e-05
50 48 0.000811871
50 50 0.00069272
51 36 0.00695242
51 38 2.45319e-05
51 41 0.0008719
51 43 5.91679e-05
51 45 0.0008719
51 47 5.91679e-05
51 48 0.000811871
51 51 0.00069272
