%%MatrixMarket matrix coordinate real general
153 153 4275
1 1 0.35613
1 2 0.00630081
1 3 -0.0330991
1 4 -0.0898474
1 5 0.000907394
1 6 0.0039398
1 7 0.0181198
1 8 -0.0102395
1 9 0.000437489
1 10 -0.0311175
1 11 -0.0270853
1 12 -0.0273189
1 13 0.0125
1 14 0.0352932
1 15 -0.0162926
1 16 -0.185039
1 17 -0.036477
1 18 0.0427338
1 34 -0.0350062
1 35 -0.000242715
1 36 0.0117583
1 37 -0.0345638
1 38 0.0320991
1 39 0.0206838
2 1 0.00630081
2 2 0.35613
2 3 -0.0330991
2 4 -0.000242715
2 5 -0.0350062
2 6 0.0117583
2 7 -0.0102395
2 8 0.0181198
2 9 0.000437489
2 10 -0.0270853
2 11 -0.0311175
2 12 -0.0273189
2 13 0.0320991
2 14 -0.0345638
2 15 0.0206838
2 16 -0.036477
2 17 -0.185039
2 18 0.0427338
2 34 0.000907394
2 35 -0.0898474
2 36 0.0039398
2 37 0.0352932
2 38 0.0125
2 39 -0.0162926
3 1 -0.0330991
3 2 -0.0330991
3 3 0.187218
3 4 0.0068268
3 5 0.0117014
3 6 0.00825949
3 7 0.000878084
3 8 0.000878084
3 9 0.0189922
3 10 -0.0208173
3 11 -0.0208173
3 12 -0.0895589
3 13 -0.0101436
3 14 0.0122305
3 15 0.00467729
3 16 0.0352659
3 17 0.0352659
3 18 -0.118941
3 34 0.0117014
3 35 0.0068268
3 36 0.00825949
3 37 0.0122305
3 38 -0.0101436
3 39 0.00467729
4 1 -0.0898474
4 2 -0.000242715
4 3 0.0068268
4 4 0.390571
4 5 -0.00696606
4 6 0.0223327
4 7 -0.044733
4 8 0.0104822
4 9 -0.0121958
4 10 0.0424053
4 11 -0.00357567
4 12 0.0555375
4 13 -0.214931
4 14 0.00118398
4 15 -0.026442
4 61 -0.0686517
4 62 -0.00143768
4 63 -0.0489019
5 1 0.000907394
5 2 -0.0350062
5 3 0.0117014
5 4 -0.00696606
5 5 0.411041
5 6 -0.0415017
5 7 0.00933213
5 8 -0.120555
5 9 0.00682057
5 10 -0.00127567
5 11 0.0615647
5 12 -0.0673705
5 13 0.00437808
5 14 -0.280323
5 15 0.0853382
5 61 -0.00693177
5 62 -0.0215872
5 63 0.00898377
6 1 0.0039398
6 2 0.0117583
6 3 0.00825949
6 4 0.0223327
6 5 -0.0415017
6 6 0.192039
6 7 -0.0125794
6 8 0.010941
6 9 0.0184066
6 10 0.038625
6 11 -0.0531788
6 12 -0.065213
6 13 -0.0251232
6 14 0.0653438
6 15 -0.130532
6 61 -0.0300376
6 62 0.010609
6 63 0.00914725
7 1 0.0181198
7 2 -0.0102395
7 3 0.000878084
7 4 -0.044733
7 5 0.00933213
7 6 -0.0125794
7 7 0.742374
7 8 -0.0128494
7 9 0.023739
7 10 -0.53095
7 11 -0.0442874
7 12 0.0203487
7 34 -0.120555
7 35 0.0104822
7 36 0.010941
7 61 -0.0473027
7 62 0.041187
7 63 -0.0383164
7 76 0.0186001
7 77 0.0466812
7 78 0.0200566
7 91 -0.0136469
7 92 -0.0397504
7 93 -0.0290393
8 1 -0.0102395
8 2 0.0181198
8 3 0.000878084
8 4 0.0104822
8 5 -0.120555
8 6 0.010941
8 7 -0.0128494
8 8 0.742374
8 9 0.023739
8 10 -0.0442874
8 11 -0.53095
8 12 0.0203487
8 34 0.00933213
8 35 -0.044733
8 36 -0.0125794
8 61 0.0466812
8 62 0.0186001
8 63 0.0200566
8 76 0.041187
8 77 -0.0473027
8 78 -0.0383164
8 91 -0.0397504
8 92 -0.0136469
8 93 -0.0290393
9 1 0.000437489
9 2 0.000437489
9 3 0.0189922
9 4 -0.0121958
9 5 0.00682057
9 6 0.0184066
9 7 0.023739
9 8 0.023739
9 9 0.482879
9 10 0.0123913
9 11 0.0123913
9 12 -0.570555
9 34 0.00682057
9 35 -0.0121958
9 36 0.0184066
9 61 -0.0245568
9 62 0.00769389
9 63 0.0271556
9 76 0.00769389
9 77 -0.0245568
9 78 0.0271556
9 91 -0.0183014
9 92 -0.0183014
9 93 0.0257861
10 1 -0.0311175
10 2 -0.0270853
10 3 -0.0208173
10 4 0.0424053
10 5 -0.00127567
10 6 0.038625
10 7 -0.53095
10 8 -0.0442874
10 9 0.0123913
10 10 6.17284
10 11 -0.909516
10 12 -0.303828
10 13 -0.719224
10 14 0.336653
10 15 -0.298785
10 16 0.0469513
10 17 -0.282701
10 18 0.20564
10 19 -0.717206
10 20 -0.000489144
10 21 0.259047
10 34 0.0615647
10 35 -0.00357567
10 36 -0.0531788
10 37 -1.39262
10 38 0.381375
10 39 0.73699
10 61 -1.32317
10 62 0.430953
10 63 -0.509794
10 64 -0.104204
10 65 0.156815
10 66 -0.254958
10 76 -0.894122
10 77 0.331258
10 78 0.104537
10 79 -0.156804
10 80 0.138602
10 81 0.156813
10 91 0.382272
10 92 -0.359315
10 93 0.0975737
10 94 0.0264351
10 95 -0.0818267
10 96 -0.21052
11 1 -0.0270853
11 2 -0.0311175
11 3 -0.0208173
11 4 -0.00357567
11 5 0.0615647
11 6 -0.0531788
11 7 -0.0442874
11 8 -0.53095
11 9 0.0123913
11 10 -0.909516
11 11 6.17284
11 12 -0.303828
11 13 0.381375
11 14 -1.39262
11 15 0.73699
11 16 -0.282701
11 17 0.0469513
11 18 0.20564
11 19 -0.000489144
11 20 -0.717206
11 21 0.259047
11 34 -0.00127567
11 35 0.0424053
11 36 0.038625
11 37 0.336653
11 38 -0.719224
11 39 -0.298785
11 61 0.331258
11 62 -0.894122
11 63 0.104537
11 64 0.138602
11 65 -0.156804
11 66 0.156813
11 76 0.430953
11 77 -1.32317
11 78 -0.509794
11 79 0.156815
11 80 -0.104204
11 81 -0.254958
11 91 -0.359315
11 92 0.382272
11 93 0.0975737
11 94 -0.0818267
11 95 0.0264351
11 96 -0.21052
12 1 -0.0273189
12 2 -0.0273189
12 3 -0.0895589
12 4 0.0555375
12 5 -0.0673705
12 6 -0.065213
12 7 0.0203487
12 8 0.0203487
12 9 -0.570555
12 10 -0.303828
12 11 -0.303828
12 12 4.39911
12 13 -0.215522
12 14 0.501057
12 15 -0.257794
12 16 0.106506
12 17 0.106506
12 18 0.0219756
12 19 0.221332
12 20 0.221332
12 21 -0.714711
12 34 -0.0673705
12 35 0.0555375
12 36 -0.065213
12 37 0.501057
12 38 -0.215522
12 39 -0.257794
12 61 -0.270282
12 62 0.00229838
12 63 -0.413584
12 64 -0.216268
12 65 0.138601
12 66 -0.104213
12 76 0.00229838
12 77 -0.270282
12 78 -0.413584
12 79 0.138601
12 80 -0.216268
12 81 -0.104213
12 91 0.137952
12 92 0.137952
12 93 0.215172
12 94 -0.123307
12 95 -0.123307
12 96 -0.0683955
13 1 0.0125
13 2 0.0320991
13 3 -0.0101436
13 4 -0.214931
13 5 0.00437808
13 6 -0.0251232
13 10 -0.719224
13 11 0.381375
13 12 -0.215522
13 13 3.96444
13 14 -0.0152587
13 15 -0.0152587
13 16 -1.15358
13 17 0.292788
13 18 0.292788
13 19 -0.083321
13 20 0.0240777
13 21 0.0240777
13 22 0.0125
13 23 -0.0101436
13 24 0.0320991
13 25 -0.214931
13 26 -0.0251232
13 27 0.00437808
13 31 -0.719224
13 32 -0.215522
13 33 0.381375
13 61 0.0990946
13 62 -0.338456
13 63 0.137692
13 64 -0.0684076
13 65 -0.210525
13 66 -0.210525
13 67 -0.428899
13 68 -0.137107
13 69 -0.137107
13 73 0.0990946
13 74 0.137692
13 75 -0.338456
14 1 0.0352932
14 2 -0.0345638
14 3 0.0122305
14 4 0.00118398
14 5 -0.280323
14 6 0.0653438
14 10 0.336653
14 11 -1.39262
14 12 0.501057
14 13 -0.0152587
14 14 3.28881
14 15 -1.18022
14 16 0.179748
14 17 -0.283537
14 18 0.181719
14 19 -0.00817505
14 20 0.0528828
14 21 -0.150738
14 22 -0.0162926
14 23 0.00467729
14 24 0.0206838
14 25 -0.026442
14 26 -0.130532
14 27 0.0853382
14 31 -0.298785
14 32 -0.257794
14 33 0.73699
14 61 -0.213563
14 62 -0.0879151
14 63 -0.0713327
14 64 -0.123313
14 65 0.0264125
14 66 -0.0818208
14 67 -0.0896871
14 68 -0.309924
14 69 0.103544
14 73 0.158913
14 74 0.207591
14 75 0.0361279
15 1 -0.0162926
15 2 0.0206838
15 3 0.00467729
15 4 -0.026442
15 5 0.0853382
15 6 -0.130532
15 10 -0.298785
15 11 0.73699
15 12 -0.257794
15 13 -0.0152587
15 14 -1.18022
15 15 3.28881
15 16 0.179748
15 17 0.181719
15 18 -0.283537
15 19 -0.00817505
15 20 -0.150738
15 21 0.0528828
15 22 0.0352932
15 23 0.0122305
15 24 -0.0345638
15 25 0.00118398
15 26 0.0653438
15 27 -0.280323
15 31 0.336653
15 32 0.501057
15 33 -1.39262
15 61 0.158913
15 62 0.0361279
15 63 0.207591
15 64 -0.123313
15 65 -0.0818208
15 66 0.0264125
15 67 -0.0896871
15 68 0.103544
15 69 -0.309924
15 73 -0.213563
15 74 -0.0713327
15 75 -0.0879151
16 1 -0.185039
16 2 -0.036477
16 3 0.0352659
16 10 0.0469513
16 11 -0.282701
16 12 0.106506
16 13 -1.15358
16 14 0.179748
16 15 0.179748
16 16 2.40628
16 17 -0.533703
16 18 -0.533703
16 19 0.163191
16 20 -0.0677923
16 21 -0.0677923
16 22 -0.185039
16 23 0.0352659
16 24 -0.036477
16 31 0.0469513
16 32 0.106506
16 33 -0.282701
16 37 -0.283537
16 38 0.292788
16 39 0.181719
16 40 -0.118941
16 41 0.0427338
16 42 0.0427338
16 49 0.0219756
16 50 0.20564
16 51 0.20564
16 55 -0.283537
16 56 0.181719
16 57 0.292788
17 1 -0.036477
17 2 -0.185039
17 3 0.0352659
17 10 -0.282701
17 11 0.0469513
17 12 0.106506
17 13 0.292788
17 14 -0.283537
17 15 0.181719
17 16 -0.533703
17 17 2.40628
17 18 -0.533703
17 19 -0.0677923
17 20 0.163191
17 21 -0.0677923
17 22 0.0427338
17 23 -0.118941
17 24 0.0427338
17 31 0.20564
17 32 0.0219756
17 33 0.20564
17 37 0.179748
17 38 -1.15358
17 39 0.179748
17 40 0.0352659
17 41 -0.185039
17 42 -0.036477
17 49 0.106506
17 50 0.0469513
17 51 -0.282701
17 55 0.181719
17 56 -0.283537
17 57 0.292788
18 1 0.0427338
18 2 0.0427338
18 3 -0.118941
18 10 0.20564
18 11 0.20564
18 12 0.0219756
18 13 0.292788
18 14 0.181719
18 15 -0.283537
18 16 -0.533703
18 17 -0.533703
18 18 2.40628
18 19 -0.0677923
18 20 -0.0677923
18 21 0.163191
18 22 -0.036477
18 23 0.0352659
18 24 -0.185039
18 31 -0.282701
18 32 0.106506
18 33 0.0469513
18 37 0.181719
18 38 0.292788
18 39 -0.283537
18 40 0.0352659
18 41 -0.036477
18 42 -0.185039
18 49 0.106506
18 50 -0.282701
18 51 0.0469513
18 55 0.179748
18 56 0.179748
18 57 -1.15358
19 10 -0.717206
19 11 -0.000489144
19 12 0.221332
19 13 -0.083321
19 14 -0.00817505
19 15 -0.00817505
19 16 0.163191
19 17 -0.0677923
19 18 -0.0677923
19 19 4.26898
19 20 -0.466066
19 21 -0.466066
19 31 -0.717206
19 32 0.221332
19 33 -0.000489144
19 37 0.0528828
19 38 0.0240777
19 39 -0.150738
19 49 -0.714711
19 50 0.259047
19 51 0.259047
19 55 0.0528828
19 56 -0.150738
19 57 0.0240777
19 64 -0.714705
19 65 0.25906
19 66 0.25906
19 79 -0.717222
19 80 0.22134
19 81 -0.000498157
19 94 0.0528898
19 95 -0.150743
19 96 0.0240798
19 106 -0.717222
19 107 -0.000498157
19 108 0.22134
19 121 0.0528898
19 122 0.0240798
19 123 -0.150743
19 133 -0.0833212
19 134 -0.00817607
19 135 -0.00817607
19 142 0.163201
19 143 -0.067795
19 144 -0.067795
20 10 -0.000489144
20 11 -0.717206
20 12 0.221332
20 13 0.0240777
20 14 0.0528828
20 15 -0.150738
20 16 -0.0677923
20 17 0.163191
20 18 -0.0677923
20 19 -0.466066
20 20 4.26898
20 21 -0.466066
20 31 0.259047
20 32 -0.714711
20 33 0.259047
20 37 -0.00817505
20 38 -0.083321
20 39 -0.00817505
20 49 0.221332
20 50 -0.717206
20 51 -0.000489144
20 55 -0.150738
20 56 0.0528828
20 57 0.0240777
20 64 0.22134
20 65 -0.717222
20 66 -0.000498157
20 79 0.25906
20 80 -0.714705
20 81 0.25906
20 94 -0.150743
20 95 0.0528898
20 96 0.0240798
20 106 -0.000498157
20 107 -0.717222
20 108 0.22134
20 121 -0.00817607
20 122 -0.0833212
20 123 -0.00817607
20 133 0.0240798
20 134 0.0528898
20 135 -0.150743
20 142 -0.067795
20 143 0.163201
20 144 -0.067795
21 10 0.259047
21 11 0.259047
21 12 -0.714711
21 13 0.0240777
21 14 -0.150738
21 15 0.0528828
21 16 -0.0677923
21 17 -0.0677923
21 18 0.163191
21 19 -0.466066
21 20 -0.466066
21 21 4.26898
21 31 -0.000489144
21 32 0.221332
21 33 -0.717206
21 37 -0.150738
21 38 0.0240777
21 39 0.0528828
21 49 0.221332
21 50 -0.000489144
21 51 -0.717206
21 55 -0.00817505
21 56 -0.00817505
21 57 -0.083321
21 64 0.22134
21 65 -0.000498157
21 66 -0.717222
21 79 -0.000498157
21 80 0.22134
21 81 -0.717222
21 94 -0.00817607
21 95 -0.00817607
21 96 -0.0833212
21 106 0.25906
21 107 0.25906
21 108 -0.714705
21 121 -0.150743
21 122 0.0240798
21 123 0.0528898
21 133 0.0240798
21 134 -0.150743
21 135 0.0528898
21 142 -0.067795
21 143 -0.067795
21 144 0.163201
22 13 0.0125
22 14 -0.0162926
22 15 0.0352932
22 16 -0.185039
22 17 0.0427338
22 18 -0.036477
22 22 0.35613
22 23 -0.0330991
22 24 0.00630081
22 25 -0.0898474
22 26 0.0039398
22 27 0.000907394
22 28 0.0181198
22 29 0.000437489
22 30 -0.0102395
22 31 -0.0311175
22 32 -0.0273189
22 33 -0.0270853
22 52 -0.0350062
22 53 0.0117583
22 54 -0.000242715
22 55 -0.0345638
22 56 0.0206838
22 57 0.0320991
23 13 -0.0101436
23 14 0.00467729
23 15 0.0122305
23 16 0.0352659
23 17 -0.118941
23 18 0.0352659
23 22 -0.0330991
23 23 0.187218
23 24 -0.0330991
23 25 0.0068268
23 26 0.00825949
23 27 0.0117014
23 28 0.000878084
23 29 0.0189922
23 30 0.000878084
23 31 -0.0208173
23 32 -0.0895589
23 33 -0.0208173
23 52 0.0117014
23 53 0.00825949
23 54 0.0068268
23 55 0.0122305
23 56 0.00467729
23 57 -0.0101436
24 13 0.0320991
24 14 0.0206838
24 15 -0.0345638
24 16 -0.036477
24 17 0.0427338
24 18 -0.185039
24 22 0.00630081
24 23 -0.0330991
24 24 0.35613
24 25 -0.000242715
24 26 0.0117583
24 27 -0.0350062
24 28 -0.0102395
24 29 0.000437489
24 30 0.0181198
24 31 -0.0270853
24 32 -0.0273189
24 33 -0.0311175
24 52 0.000907394
24 53 0.0039398
24 54 -0.0898474
24 55 0.0352932
24 56 -0.0162926
24 57 0.0125
25 13 -0.214931
25 14 -0.026442
25 15 0.00118398
25 22 -0.0898474
25 23 0.0068268
25 24 -0.000242715
25 25 0.390571
25 26 0.0223327
25 27 -0.00696606
25 28 -0.044733
25 29 -0.0121958
25 30 0.0104822
25 31 0.0424053
25 32 0.0555375
25 33 -0.00357567
25 73 -0.0686517
25 74 -0.0489019
25 75 -0.00143768
26 13 -0.0251232
26 14 -0.130532
26 15 0.0653438
26 22 0.0039398
26 23 0.00825949
26 24 0.0117583
26 25 0.0223327
26 26 0.192039
26 27 -0.0415017
26 28 -0.0125794
26 29 0.0184066
26 30 0.010941
26 31 0.038625
26 32 -0.065213
26 33 -0.0531788
26 73 -0.0300376
26 74 0.00914725
26 75 0.010609
27 13 0.00437808
27 14 0.0853382
27 15 -0.280323
27 22 0.000907394
27 23 0.0117014
27 24 -0.0350062
27 25 -0.00696606
27 26 -0.0415017
27 27 0.411041
27 28 0.00933213
27 29 0.00682057
27 30 -0.120555
27 31 -0.00127567
27 32 -0.0673705
27 33 0.0615647
27 73 -0.00693177
27 74 0.00898377
27 75 -0.0215872
28 22 0.0181198
28 23 0.000878084
28 24 -0.0102395
28 25 -0.044733
28 26 -0.0125794
28 27 0.00933213
28 28 0.742374
28 29 0.023739
28 30 -0.0128494
28 31 -0.53095
28 32 0.0203487
28 33 -0.0442874
28 52 -0.120555
28 53 0.010941
28 54 0.0104822
28 73 -0.0473027
28 74 -0.0383164
28 75 0.041187
28 103 0.0186001
28 104 0.0200566
28 105 0.0466812
28 118 -0.0136469
28 119 -0.0290393
28 120 -0.0397504
29 22 0.000437489
29 23 0.0189922
29 24 0.000437489
29 25 -0.0121958
29 26 0.0184066
29 27 0.00682057
29 28 0.023739
29 29 0.482879
29 30 0.023739
29 31 0.0123913
29 32 -0.570555
29 33 0.0123913
29 52 0.00682057
29 53 0.0184066
29 54 -0.0121958
29 73 -0.0245568
29 74 0.0271556
29 75 0.00769389
29 103 0.00769389
29 104 0.0271556
29 105 -0.0245568
29 118 -0.0183014
29 119 0.0257861
29 120 -0.0183014
30 22 -0.0102395
30 23 0.000878084
30 24 0.0181198
30 25 0.0104822
30 26 0.010941
30 27 -0.120555
30 28 -0.0128494
30 29 0.023739
30 30 0.742374
30 31 -0.0442874
30 32 0.0203487
30 33 -0.53095
30 52 0.00933213
30 53 -0.0125794
30 54 -0.044733
30 73 0.0466812
30 74 0.0200566
30 75 0.0186001
30 103 0.041187
30 104 -0.0383164
30 105 -0.0473027
30 118 -0.0397504
30 119 -0.0290393
30 120 -0.0136469
31 13 -0.719224
31 14 -0.298785
31 15 0.336653
31 16 0.0469513
31 17 0.20564
31 18 -0.282701
31 19 -0.717206
31 20 0.259047
31 21 -0.000489144
31 22 -0.0311175
31 23 -0.0208173
31 24 -0.0270853
31 25 0.0424053
31 26 0.038625
31 27 -0.00127567
31 28 -0.53095
31 29 0.0123913
31 30 -0.0442874
31 31 6.17284
31 32 -0.303828
31 33 -0.909516
31 52 0.0615647
31 53 -0.0531788
31 54 -0.00357567
31 55 -1.39262
31 56 0.73699
31 57 0.381375
31 64 -0.104204
31 65 -0.254958
31 66 0.156815
31 73 -1.32317
31 74 -0.509794
31 75 0.430953
31 103 -0.894122
31 104 0.104537
31 105 0.331258
31 106 -0.156804
31 107 0.156813
31 108 0.138602
31 118 0.382272
31 119 0.0975737
31 120 -0.359315
31 121 0.0264351
31 122 -0.21052
31 123 -0.0818267
32 13 -0.215522
32 14 -0.257794
32 15 0.501057
32 16 0.106506
32 17 0.0219756
32 18 0.106506
32 19 0.221332
32 20 -0.714711
32 21 0.221332
32 22 -0.0273189
32 23 -0.0895589
32 24 -0.0273189
32 25 0.0555375
32 26 -0.065213
32 27 -0.0673705
32 28 0.0203487
32 29 -0.570555
32 30 0.0203487
32 31 -0.303828
32 32 4.39911
32 33 -0.303828
32 52 -0.0673705
32 53 -0.065213
32 54 0.0555375
32 55 0.501057
32 56 -0.257794
32 57 -0.215522
32 64 -0.216268
32 65 -0.104213
32 66 0.138601
32 73 -0.270282
32 74 -0.413584
32 75 0.00229838
32 103 0.00229838
32 104 -0.413584
32 105 -0.270282
32 106 0.138601
32 107 -0.104213
32 108 -0.216268
32 118 0.137952
32 119 0.215172
32 120 0.137952
32 121 -0.123307
32 122 -0.0683955
32 123 -0.123307
33 13 0.381375
33 14 0.73699
33 15 -1.39262
33 16 -0.282701
33 17 0.20564
33 18 0.0469513
33 19 -0.000489144
33 20 0.259047
33 21 -0.717206
33 22 -0.0270853
33 23 -0.0208173
33 24 -0.0311175
33 25 -0.00357567
33 26 -0.0531788
33 27 0.0615647
33 28 -0.0442874
33 29 0.0123913
33 30 -0.53095
33 31 -0.909516
33 32 -0.303828
33 33 6.17284
33 52 -0.00127567
33 53 0.038625
33 54 0.0424053
33 55 0.336653
33 56 -0.298785
33 57 -0.719224
33 64 0.138602
33 65 0.156813
33 66 -0.156804
33 73 0.331258
33 74 0.104537
33 75 -0.894122
33 103 0.430953
33 104 -0.509794
33 105 -1.32317
33 106 0.156815
33 107 -0.254958
33 108 -0.104204
33 118 -0.359315
33 119 0.0975737
33 120 0.382272
33 121 -0.0818267
33 122 -0.21052
33 123 0.0264351
34 1 -0.0350062
34 2 0.000907394
34 3 0.0117014
34 7 -0.120555
34 8 0.00933213
34 9 0.00682057
34 10 0.0615647
34 11 -0.00127567
34 12 -0.0673705
34 34 0.411041
34 35 -0.00696606
34 36 -0.0415017
34 37 -0.280323
34 38 0.00437808
34 39 0.0853382
34 76 -0.0215872
34 77 -0.00693177
34 78 0.00898377
35 1 -0.000242715
35 2 -0.0898474
35 3 0.0068268
35 7 0.0104822
35 8 -0.044733
35 9 -0.0121958
35 10 -0.00357567
35 11 0.0424053
35 12 0.0555375
35 34 -0.00696606
35 35 0.390571
35 36 0.0223327
35 37 0.00118398
35 38 -0.214931
35 39 -0.026442
35 76 -0.00143768
35 77 -0.0686517
35 78 -0.0489019
36 1 0.0117583
36 2 0.0039398
36 3 0.00825949
36 7 0.010941
36 8 -0.0125794
36 9 0.0184066
36 10 -0.0531788
36 11 0.038625
36 12 -0.065213
36 34 -0.0415017
36 35 0.0223327
36 36 0.192039
36 37 0.0653438
36 38 -0.0251232
36 39 -0.130532
36 76 0.010609
36 77 -0.0300376
36 78 0.00914725
37 1 -0.0345638
37 2 0.0352932
37 3 0.0122305
37 10 -1.39262
37 11 0.336653
37 12 0.501057
37 16 -0.283537
37 17 0.179748
37 18 0.181719
37 19 0.0528828
37 20 -0.00817505
37 21 -0.150738
37 34 -0.280323
37 35 0.00118398
37 36 0.0653438
37 37 3.28881
37 38 -0.0152587
37 39 -1.18022
37 40 0.00467729
37 41 -0.0162926
37 42 0.0206838
37 43 -0.130532
37 44 -0.026442
37 45 0.0853382
37 49 -0.257794
37 50 -0.298785
37 51 0.73699
37 76 -0.0879151
37 77 -0.213563
37 78 -0.0713327
37 79 0.0264125
37 80 -0.123313
37 81 -0.0818208
37 82 -0.309924
37 83 -0.0896871
37 84 0.103544
37 88 0.207591
37 89 0.158913
37 90 0.0361279
38 1 0.0320991
38 2 0.0125
38 3 -0.0101436
38 10 0.381375
38 11 -0.719224
38 12 -0.215522
38 16 0.292788
38 17 -1.15358
38 18 0.292788
38 19 0.0240777
38 20 -0.083321
38 21 0.0240777
38 34 0.00437808
38 35 -0.214931
38 36 -0.0251232
38 37 -0.0152587
38 38 3.96444
38 39 -0.0152587
38 40 -0.0101436
38 41 0.0125
38 42 0.0320991
38 43 -0.0251232
38 44 -0.214931
38 45 0.00437808
38 49 -0.215522
38 50 -0.719224
38 51 0.381375
38 76 -0.338456
38 77 0.0990946
38 78 0.137692
38 79 -0.210525
38 80 -0.0684076
38 81 -0.210525
38 82 -0.137107
38 83 -0.428899
38 84 -0.137107
38 88 0.137692
38 89 0.0990946
38 90 -0.338456
39 1 0.0206838
39 2 -0.0162926
39 3 0.00467729
39 10 0.73699
39 11 -0.298785
39 12 -0.257794
39 16 0.181719
39 17 0.179748
39 18 -0.283537
39 19 -0.150738
39 20 -0.00817505
39 21 0.0528828
39 34 0.0853382
39 35 -0.026442
39 36 -0.130532
39 37 -1.18022
39 38 -0.0152587
39 39 3.28881
39 40 0.0122305
39 41 0.0352932
39 42 -0.0345638
39 43 0.0653438
39 44 0.00118398
39 45 -0.280323
39 49 0.501057
39 50 0.336653
39 51 -1.39262
39 76 0.0361279
39 77 0.158913
39 78 0.207591
39 79 -0.0818208
39 80 -0.123313
39 81 0.0264125
39 82 0.103544
39 83 -0.0896871
39 84 -0.309924
39 88 -0.0713327
39 89 -0.213563
39 90 -0.0879151
40 16 -0.118941
40 17 0.0352659
40 18 0.0352659
40 37 0.00467729
40 38 -0.0101436
40 39 0.0122305
40 40 0.187218
40 41 -0.0330991
40 42 -0.0330991
40 43 0.00825949
40 44 0.0068268
40 45 0.0117014
40 46 0.0189922
40 47 0.000878084
40 48 0.000878084
40 49 -0.0895589
40 50 -0.0208173
40 51 -0.0208173
40 55 0.00467729
40 56 0.0122305
40 57 -0.0101436
40 58 0.00825949
40 59 0.0117014
40 60 0.0068268
41 16 0.0427338
41 17 -0.185039
41 18 -0.036477
41 37 -0.0162926
41 38 0.0125
41 39 0.0352932
41 40 -0.0330991
41 41 0.35613
41 42 0.00630081
41 43 0.0039398
41 44 -0.0898474
41 45 0.000907394
41 46 0.000437489
41 47 0.0181198
41 48 -0.0102395
41 49 -0.0273189
41 50 -0.0311175
41 51 -0.0270853
41 55 0.0206838
41 56 -0.0345638
41 57 0.0320991
41 58 0.0117583
41 59 -0.0350062
41 60 -0.000242715
42 16 0.0427338
42 17 -0.036477
42 18 -0.185039
42 37 0.0206838
42 38 0.0320991
42 39 -0.0345638
42 40 -0.0330991
42 41 0.00630081
42 42 0.35613
42 43 0.0117583
42 44 -0.000242715
42 45 -0.0350062
42 46 0.000437489
42 47 -0.0102395
42 48 0.0181198
42 49 -0.0273189
42 50 -0.0270853
42 51 -0.0311175
42 55 -0.0162926
42 56 0.0352932
42 57 0.0125
42 58 0.0039398
42 59 0.000907394
42 60 -0.0898474
43 37 -0.130532
43 38 -0.0251232
43 39 0.0653438
43 40 0.00825949
43 41 0.0039398
43 42 0.0117583
43 43 0.192039
43 44 0.0223327
43 45 -0.0415017
43 46 0.0184066
43 47 -0.0125794
43 48 0.010941
43 49 -0.065213
43 50 0.038625
43 51 -0.0531788
43 88 0.00914725
43 89 -0.0300376
43 90 0.010609
44 37 -0.026442
44 38 -0.214931
44 39 0.00118398
44 40 0.0068268
44 41 -0.0898474
44 42 -0.000242715
44 43 0.0223327
44 44 0.390571
44 45 -0.00696606
44 46 -0.0121958
44 47 -0.044733
44 48 0.0104822
44 49 0.0555375
44 50 0.0424053
44 51 -0.00357567
44 88 -0.0489019
44 89 -0.0686517
44 90 -0.00143768
45 37 0.0853382
45 38 0.00437808
45 39 -0.280323
45 40 0.0117014
45 41 0.000907394
45 42 -0.0350062
45 43 -0.0415017
45 44 -0.00696606
45 45 0.411041
45 46 0.00682057
45 47 0.00933213
45 48 -0.120555
45 49 -0.0673705
45 50 -0.00127567
45 51 0.0615647
45 88 0.00898377
45 89 -0.00693177
45 90 -0.0215872
46 40 0.0189922
46 41 0.000437489
46 42 0.000437489
46 43 0.0184066
46 44 -0.0121958
46 45 0.00682057
46 46 0.482879
46 47 0.023739
46 48 0.023739
46 49 -0.570555
46 50 0.0123913
46 51 0.0123913
46 58 0.0184066
46 59 0.00682057
46 60 -0.0121958
46 88 0.0271556
46 89 -0.0245568
46 90 0.00769389
46 115 0.0271556
46 116 0.00769389
46 117 -0.0245568
46 130 0.0257861
46 131 -0.0183014
46 132 -0.0183014
47 40 0.000878084
47 41 0.0181198
47 42 -0.0102395
47 43 -0.0125794
47 44 -0.044733
47 45 0.00933213
47 46 0.023739
47 47 0.742374
47 48 -0.0128494
47 49 0.0203487
47 50 -0.53095
47 51 -0.0442874
47 58 0.010941
47 59 -0.120555
47 60 0.0104822
47 88 -0.0383164
47 89 -0.0473027
47 90 0.041187
47 115 0.0200566
47 116 0.0186001
47 117 0.0466812
47 130 -0.0290393
47 131 -0.0136469
47 132 -0.0397504
48 40 0.000878084
48 41 -0.0102395
48 42 0.0181198
48 43 0.010941
48 44 0.0104822
48 45 -0.120555
48 46 0.023739
48 47 -0.0128494
48 48 0.742374
48 49 0.0203487
48 50 -0.0442874
48 51 -0.53095
48 58 -0.0125794
48 59 0.00933213
48 60 -0.044733
48 88 0.0200566
48 89 0.0466812
48 90 0.0186001
48 115 -0.0383164
48 116 0.041187
48 117 -0.0473027
48 130 -0.0290393
48 131 -0.0397504
48 132 -0.0136469
49 16 0.0219756
49 17 0.106506
49 18 0.106506
49 19 -0.714711
49 20 0.221332
49 21 0.221332
49 37 -0.257794
49 38 -0.215522
49 39 0.501057
49 40 -0.0895589
49 41 -0.0273189
49 42 -0.0273189
49 43 -0.065213
49 44 0.0555375
49 45 -0.0673705
49 46 -0.570555
49 47 0.0203487
49 48 0.0203487
49 49 4.39911
49 50 -0.303828
49 51 -0.303828
49 55 -0.257794
49 56 0.501057
49 57 -0.215522
49 58 -0.065213
49 59 -0.0673705
49 60 0.0555375
49 79 -0.104213
49 80 -0.216268
49 81 0.138601
49 88 -0.413584
49 89 -0.270282
49 90 0.00229838
49 106 -0.104213
49 107 0.138601
49 108 -0.216268
49 115 -0.413584
49 116 0.00229838
49 117 -0.270282
49 130 0.215172
49 131 0.137952
49 132 0.137952
49 133 -0.0683955
49 134 -0.123307
49 135 -0.123307
50 16 0.20564
50 17 0.0469513
50 18 -0.282701
50 19 0.259047
50 20 -0.717206
50 21 -0.000489144
50 37 -0.298785
50 38 -0.719224
50 39 0.336653
50 40 -0.0208173
50 41 -0.0311175
50 42 -0.0270853
50 43 0.038625
50 44 0.0424053
50 45 -0.00127567
50 46 0.0123913
50 47 -0.53095
50 48 -0.0442874
50 49 -0.303828
50 50 6.17284
50 51 -0.909516
50 55 0.73699
50 56 -1.39262
50 57 0.381375
50 58 -0.0531788
50 59 0.0615647
50 60 -0.00357567
50 79 -0.254958
50 80 -0.104204
50 81 0.156815
50 88 -0.509794
50 89 -1.32317
50 90 0.430953
50 106 0.156813
50 107 -0.156804
50 108 0.138602
50 115 0.104537
50 116 -0.894122
50 117 0.331258
50 130 0.0975737
50 131 0.382272
50 132 -0.359315
50 133 -0.21052
50 134 0.0264351
50 135 -0.0818267
51 16 0.20564
51 17 -0.282701
51 18 0.0469513
51 19 0.259047
51 20 -0.000489144
51 21 -0.717206
51 37 0.73699
51 38 0.381375
51 39 -1.39262
51 40 -0.0208173
51 41 -0.0270853
51 42 -0.0311175
51 43 -0.0531788
51 44 -0.00357567
51 45 0.0615647
51 46 0.0123913
51 47 -0.0442874
51 48 -0.53095
51 49 -0.303828
51 50 -0.909516
51 51 6.17284
51 55 -0.298785
51 56 0.336653
51 57 -0.719224
51 58 0.038625
51 59 -0.00127567
51 60 0.0424053
51 79 0.156813
51 80 0.138602
51 81 -0.156804
51 88 0.104537
51 89 0.331258
51 90 -0.894122
51 106 -0.254958
51 107 0.156815
51 108 -0.104204
51 115 -0.509794
51 116 0.430953
51 117 -1.32317
51 130 0.0975737
51 131 -0.359315
51 132 0.382272
51 133 -0.21052
51 134 -0.0818267
51 135 0.0264351
52 22 -0.0350062
52 23 0.0117014
52 24 0.000907394
52 28 -0.120555
52 29 0.00682057
52 30 0.00933213
52 31 0.0615647
52 32 -0.0673705
52 33 -0.00127567
52 52 0.411041
52 53 -0.0415017
52 54 -0.00696606
52 55 -0.280323
52 56 0.0853382
52 57 0.00437808
52 103 -0.0215872
52 104 0.00898377
52 105 -0.00693177
53 22 0.0117583
53 23 0.00825949
53 24 0.0039398
53 28 0.010941
53 29 0.0184066
53 30 -0.0125794
53 31 -0.0531788
53 32 -0.065213
53 33 0.038625
53 52 -0.0415017
53 53 0.192039
53 54 0.0223327
53 55 0.0653438
53 56 -0.130532
53 57 -0.0251232
53 103 0.010609
53 104 0.00914725
53 105 -0.0300376
54 22 -0.000242715
54 23 0.0068268
54 24 -0.0898474
54 28 0.0104822
54 29 -0.0121958
54 30 -0.044733
54 31 -0.00357567
54 32 0.0555375
54 33 0.0424053
54 52 -0.00696606
54 53 0.0223327
54 54 0.390571
54 55 0.00118398
54 56 -0.026442
54 57 -0.214931
54 103 -0.00143768
54 104 -0.0489019
54 105 -0.0686517
55 16 -0.283537
55 17 0.181719
55 18 0.179748
55 19 0.0528828
55 20 -0.150738
55 21 -0.00817505
55 22 -0.0345638
55 23 0.0122305
55 24 0.0352932
55 31 -1.39262
55 32 0.501057
55 33 0.336653
55 40 0.00467729
55 41 0.0206838
55 42 -0.0162926
55 49 -0.257794
55 50 0.73699
55 51 -0.298785
55 52 -0.280323
55 53 0.0653438
55 54 0.00118398
55 55 3.28881
55 56 -1.18022
55 57 -0.0152587
55 58 -0.130532
55 59 0.0853382
55 60 -0.026442
55 103 -0.0879151
55 104 -0.0713327
55 105 -0.213563
55 106 0.0264125
55 107 -0.0818208
55 108 -0.123313
55 109 -0.309924
55 110 0.103544
55 111 -0.0896871
55 115 0.207591
55 116 0.0361279
55 117 0.158913
56 16 0.181719
56 17 -0.283537
56 18 0.179748
56 19 -0.150738
56 20 0.0528828
56 21 -0.00817505
56 22 0.0206838
56 23 0.00467729
56 24 -0.0162926
56 31 0.73699
56 32 -0.257794
56 33 -0.298785
56 40 0.0122305
56 41 -0.0345638
56 42 0.0352932
56 49 0.501057
56 50 -1.39262
56 51 0.336653
56 52 0.0853382
56 53 -0.130532
56 54 -0.026442
56 55 -1.18022
56 56 3.28881
56 57 -0.0152587
56 58 0.0653438
56 59 -0.280323
56 60 0.00118398
56 103 0.0361279
56 104 0.207591
56 105 0.158913
56 106 -0.0818208
56 107 0.0264125
56 108 -0.123313
56 109 0.103544
56 110 -0.309924
56 111 -0.0896871
56 115 -0.0713327
56 116 -0.0879151
56 117 -0.213563
57 16 0.292788
57 17 0.292788
57 18 -1.15358
57 19 0.0240777
57 20 0.0240777
57 21 -0.083321
57 22 0.0320991
57 23 -0.0101436
57 24 0.0125
57 31 0.381375
57 32 -0.215522
57 33 -0.719224
57 40 -0.0101436
57 41 0.0320991
57 42 0.0125
57 49 -0.215522
57 50 0.381375
57 51 -0.719224
57 52 0.00437808
57 53 -0.0251232
57 54 -0.214931
57 55 -0.0152587
57 56 -0.0152587
57 57 3.96444
57 58 -0.0251232
57 59 0.00437808
57 60 -0.214931
57 103 -0.338456
57 104 0.137692
57 105 0.0990946
57 106 -0.210525
57 107 -0.210525
57 108 -0.0684076
57 109 -0.137107
57 110 -0.137107
57 111 -0.428899
57 115 0.137692
57 116 -0.338456
57 117 0.0990946
58 40 0.00825949
58 41 0.0117583
58 42 0.0039398
58 46 0.0184066
58 47 0.010941
58 48 -0.0125794
58 49 -0.065213
58 50 -0.0531788
58 51 0.038625
58 55 -0.130532
58 56 0.0653438
58 57 -0.0251232
58 58 0.192039
58 59 -0.0415017
58 60 0.0223327
58 115 0.00914725
58 116 0.010609
58 117 -0.0300376
59 40 0.0117014
59 41 -0.0350062
59 42 0.000907394
59 46 0.00682057
59 47 -0.120555
59 48 0.00933213
59 49 -0.0673705
59 50 0.0615647
59 51 -0.00127567
59 55 0.0853382
59 56 -0.280323
59 57 0.00437808
59 58 -0.0415017
59 59 0.411041
59 60 -0.00696606
59 115 0.00898377
59 116 -0.0215872
59 117 -0.00693177
60 40 0.0068268
60 41 -0.000242715
60 42 -0.0898474
60 46 -0.0121958
60 47 0.0104822
60 48 -0.044733
60 49 0.0555375
60 50 -0.00357567
60 51 0.0424053
60 55 -0.026442
60 56 0.00118398
60 57 -0.214931
60 58 0.0223327
60 59 -0.00696606
60 60 0.390571
60 115 -0.0489019
60 116 -0.00143768
60 117 -0.0686517
61 4 -0.0686517
61 5 -0.00693177
61 6 -0.0300376
61 7 -0.0473027
61 8 0.0466812
61 9 -0.0245568
61 10 -1.32317
61 11 0.331258
61 12 -0.270282
61 13 0.0990946
61 14 -0.213563
61 15 0.158913
61 61 2.93054
61 62 -0.526233
61 63 0.916904
61 64 -0.413579
61 65 0.104534
61 66 -0.509792
61 67 -0.214706
61 68 -0.00778637
61 69 -0.27993
61 70 0.0271556
61 71 0.0200546
61 72 -0.0383131
61 91 -0.512418
61 92 0.331309
61 93 -0.234325
61 94 0.20758
61 95 -0.0713236
61 96 0.137683
61 97 0.00914881
61 98 0.00898276
61 99 -0.048895
62 4 -0.00143768
62 5 -0.0215872
62 6 0.010609
62 7 0.041187
62 8 0.0186001
62 9 0.00769389
62 10 0.430953
62 11 -0.894122
62 12 0.00229838
62 13 -0.338456
62 14 -0.0879151
62 15 0.0361279
62 61 -0.526233
62 62 4.03243
62 63 -0.526235
62 64 0.00229613
62 65 -0.89411
62 66 0.430951
62 67 -0.0496898
62 68 -0.80032
62 69 0.403932
62 70 0.00769297
62 71 0.0185993
62 72 0.0411846
62 91 0.403926
62 92 -0.800305
62 93 -0.0496908
62 94 0.0361359
62 95 -0.0879297
62 96 -0.338453
62 97 0.0106075
62 98 -0.0215834
62 99 -0.00143652
63 4 -0.0489019
63 5 0.00898377
63 6 0.00914725
63 7 -0.0383164
63 8 0.0200566
63 9 0.0271556
63 10 -0.509794
63 11 0.104537
63 12 -0.413584
63 13 0.137692
63 14 -0.0713327
63 15 0.207591
63 61 0.916904
63 62 -0.526235
63 63 2.93055
63 64 -0.270279
63 65 0.331261
63 66 -1.32317
63 67 -0.234329
63 68 0.331314
63 69 -0.51243
63 70 -0.0245548
63 71 0.0466786
63 72 -0.0472989
63 91 -0.279925
63 92 -0.00778917
63 93 -0.214704
63 94 0.158905
63 95 -0.213562
63 96 0.099078
63 97 -0.0300328
63 98 -0.0069305
63 99 -0.0686426
64 10 -0.104204
64 11 0.138602
64 12 -0.216268
64 13 -0.0684076
64 14 -0.123313
64 15 -0.123313
64 19 -0.714705
64 20 0.22134
64 21 0.22134
64 31 -0.104204
64 32 -0.216268
64 33 0.138602
64 61 -0.413579
64 62 0.00229613
64 63 -0.270279
64 64 4.39908
64 65 -0.303835
64 66 -0.303835
64 67 0.215181
64 68 0.137954
64 69 0.137954
64 70 -0.570555
64 71 0.0203483
64 72 0.0203483
64 73 -0.413579
64 74 -0.270279
64 75 0.00229613
64 94 -0.257786
64 95 0.501051
64 96 -0.215512
64 97 -0.065222
64 98 -0.0673631
64 99 0.0555302
64 121 -0.257786
64 122 -0.215512
64 123 0.501051
64 124 -0.065222
64 125 0.0555302
64 126 -0.0673631
64 142 0.0219767
64 143 0.106504
64 144 0.106504
64 145 -0.0895684
64 146 -0.0273147
64 147 -0.0273147
65 10 0.156815
65 11 -0.156804
65 12 0.138601
65 13 -0.210525
65 14 0.0264125
65 15 -0.0818208
65 19 0.25906
65 20 -0.717222
65 21 -0.000498157
65 31 -0.254958
65 32 -0.104213
65 33 0.156813
65 61 0.104534
65 62 -0.89411
65 63 0.331261
65 64 -0.303835
65 65 6.17285
65 66 -0.909507
65 67 0.0975741
65 68 0.382282
65 69 -0.359323
65 70 0.0123912
65 71 -0.530951
65 72 -0.0442846
65 73 -0.509792
65 74 -1.32317
65 75 0.430951
65 94 0.736983
65 95 -1.3926
65 96 0.381372
65 97 -0.0531733
65 98 0.0615491
65 99 -0.00357634
65 121 -0.298773
65 122 -0.719206
65 123 0.336649
65 124 0.0386193
65 125 0.0423891
65 126 -0.00127595
65 142 0.205635
65 143 0.0469559
65 144 -0.2827
65 145 -0.0208144
65 146 -0.0311313
65 147 -0.0270815
66 10 -0.254958
66 11 0.156813
66 12 -0.104213
66 13 -0.210525
66 14 -0.0818208
66 15 0.0264125
66 19 0.25906
66 20 -0.000498157
66 21 -0.717222
66 31 0.156815
66 32 0.138601
66 33 -0.156804
66 61 -0.509792
66 62 0.430951
66 63 -1.32317
66 64 -0.303835
66 65 -0.909507
66 66 6.17285
66 67 0.0975741
66 68 -0.359323
66 69 0.382282
66 70 0.0123912
66 71 -0.0442846
66 72 -0.530951
66 73 0.104534
66 74 0.331261
66 75 -0.89411
66 94 -0.298773
66 95 0.336649
66 96 -0.719206
66 97 0.0386193
66 98 -0.00127595
66 99 0.0423891
66 121 0.736983
66 122 0.381372
66 123 -1.3926
66 124 -0.0531733
66 125 -0.00357634
66 126 0.0615491
66 142 0.205635
66 143 -0.2827
66 144 0.0469559
66 145 -0.0208144
66 146 -0.0270815
66 147 -0.0311313
67 13 -0.428899
67 14 -0.0896871
67 15 -0.0896871
67 61 -0.214706
67 62 -0.0496898
67 63 -0.234329
67 64 0.215181
67 65 0.0975741
67 66 0.0975741
67 67 0.818064
67 68 0.258324
67 69 0.258324
67 70 0.0257862
67 71 -0.0290364
67 72 -0.0290364
67 73 -0.214706
67 74 -0.234329
67 75 -0.0496898
68 13 -0.137107
68 14 -0.309924
68 15 0.103544
68 61 -0.00778637
68 62 -0.80032
68 63 0.331314
68 64 0.137954
68 65 0.382282
68 66 -0.359323
68 67 0.258324
68 68 1.39613
68 69 -0.409856
68 70 -0.0182992
68 71 -0.0136443
68 72 -0.0397489
68 73 -0.27993
68 74 -0.51243
68 75 0.403932
69 13 -0.137107
69 14 0.103544
69 15 -0.309924
69 61 -0.27993
69 62 0.403932
69 63 -0.51243
69 64 0.137954
69 65 -0.359323
69 66 0.382282
69 67 0.258324
69 68 -0.409856
69 69 1.39613
69 70 -0.0182992
69 71 -0.0397489
69 72 -0.0136443
69 73 -0.00778637
69 74 0.331314
69 75 -0.80032
70 61 0.0271556
70 62 0.00769297
70 63 -0.0245548
70 64 -0.570555
70 65 0.0123912
70 66 0.0123912
70 67 0.0257862
70 68 -0.0182992
70 69 -0.0182992
70 70 0.482872
70 71 0.0237345
70 72 0.0237345
70 73 0.0271556
70 74 -0.0245548
70 75 0.00769297
70 97 0.0184075
70 98 0.00682084
70 99 -0.0121943
70 124 0.0184075
70 125 -0.0121943
70 126 0.00682084
70 145 0.0189929
70 146 0.000437519
70 147 0.000437519
71 61 0.0200546
71 62 0.0185993
71 63 0.0466786
71 64 0.0203483
71 65 -0.530951
71 66 -0.0442846
71 67 -0.0290364
71 68 -0.0136443
71 69 -0.0397489
71 70 0.0237345
71 71 0.742348
71 72 -0.012847
71 73 -0.0383131
71 74 -0.0472989
71 75 0.0411846
71 97 0.0109407
71 98 -0.120543
71 99 0.0104806
71 124 -0.0125778
71 125 -0.0447273
71 126 0.00933065
71 145 0.000878019
71 146 0.0181205
71 147 -0.0102381
72 61 -0.0383131
72 62 0.0411846
72 63 -0.0472989
72 64 0.0203483
72 65 -0.0442846
72 66 -0.530951
72 67 -0.0290364
72 68 -0.0397489
72 69 -0.0136443
72 70 0.0237345
72 71 -0.012847
72 72 0.742348
72 73 0.0200546
72 74 0.0466786
72 75 0.0185993
72 97 -0.0125778
72 98 0.00933065
72 99 -0.0447273
72 124 0.0109407
72 125 0.0104806
72 126 -0.120543
72 145 0.000878019
72 146 -0.0102381
72 147 0.0181205
73 13 0.0990946
73 14 0.158913
73 15 -0.213563
73 25 -0.0686517
73 26 -0.0300376
73 27 -0.00693177
73 28 -0.0473027
73 29 -0.0245568
73 30 0.0466812
73 31 -1.32317
73 32 -0.270282
73 33 0.331258
73 64 -0.413579
73 65 -0.509792
73 66 0.104534
73 67 -0.214706
73 68 -0.27993
73 69 -0.00778637
73 70 0.0271556
73 71 -0.0383131
73 72 0.0200546
73 73 2.93054
73 74 0.916904
73 75 -0.526233
73 118 -0.512418
73 119 -0.234325
73 120 0.331309
73 121 0.20758
73 122 0.137683
73 123 -0.0713236
73 124 0.00914881
73 125 -0.048895
73 126 0.00898276
74 13 0.137692
74 14 0.207591
74 15 -0.0713327
74 25 -0.0489019
74 26 0.00914725
74 27 0.00898377
74 28 -0.0383164
74 29 0.0271556
74 30 0.0200566
74 31 -0.509794
74 32 -0.413584
74 33 0.104537
74 64 -0.270279
74 65 -1.32317
74 66 0.331261
74 67 -0.234329
74 68 -0.51243
74 69 0.331314
74 70 -0.0245548
74 71 -0.0472989
74 72 0.0466786
74 73 0.916904
74 74 2.93055
74 75 -0.526235
74 118 -0.279925
74 119 -0.214704
74 120 -0.00778917
74 121 0.158905
74 122 0.099078
74 123 -0.213562
74 124 -0.0300328
74 125 -0.0686426
74 126 -0.0069305
75 13 -0.338456
75 14 0.0361279
75 15 -0.0879151
75 25 -0.00143768
75 26 0.010609
75 27 -0.0215872
75 28 0.041187
75 29 0.00769389
75 30 0.0186001
75 31 0.430953
75 32 0.00229838
75 33 -0.894122
75 64 0.00229613
75 65 0.430951
75 66 -0.89411
75 67 -0.0496898
75 68 0.403932
75 69 -0.80032
75 70 0.00769297
75 71 0.0411846
75 72 0.0185993
75 73 -0.526233
75 74 -0.526235
75 75 4.03243
75 118 0.403926
75 119 -0.0496908
75 120 -0.800305
75 121 0.0361359
75 122 -0.338453
75 123 -0.0879297
75 124 0.0106075
75 125 -0.00143652
75 126 -0.0215834
76 7 0.0186001
76 8 0.041187
76 9 0.00769389
76 10 -0.894122
76 11 0.430953
76 12 0.00229838
76 34 -0.0215872
76 35 -0.00143768
76 36 0.010609
76 37 -0.0879151
76 38 -0.338456
76 39 0.0361279
76 76 4.03243
76 77 -0.526233
76 78 -0.526235
76 79 -0.89411
76 80 0.00229613
76 81 0.430951
76 82 -0.80032
76 83 -0.0496898
76 84 0.403932
76 85 0.0185993
76 86 0.00769297
76 87 0.0411846
76 91 -0.800305
76 92 0.403926
76 93 -0.0496908
76 94 -0.0879297
76 95 0.0361359
76 96 -0.338453
76 100 -0.0215834
76 101 0.0106075
76 102 -0.00143652
77 7 0.0466812
77 8 -0.0473027
77 9 -0.0245568
77 10 0.331258
77 11 -1.32317
77 12 -0.270282
77 34 -0.00693177
77 35 -0.0686517
77 36 -0.0300376
77 37 -0.213563
77 38 0.0990946
77 39 0.158913
77 76 -0.526233
77 77 2.93054
77 78 0.916904
77 79 0.104534
77 80 -0.413579
77 81 -0.509792
77 82 -0.00778637
77 83 -0.214706
77 84 -0.27993
77 85 0.0200546
77 86 0.0271556
77 87 -0.0383131
77 91 0.331309
77 92 -0.512418
77 93 -0.234325
77 94 -0.0713236
77 95 0.20758
77 96 0.137683
77 100 0.00898276
77 101 0.00914881
77 102 -0.048895
78 7 0.0200566
78 8 -0.0383164
78 9 0.0271556
78 10 0.104537
78 11 -0.509794
78 12 -0.413584
78 34 0.00898377
78 35 -0.0489019
78 36 0.00914725
78 37 -0.0713327
78 38 0.137692
78 39 0.207591
78 76 -0.526235
78 77 0.916904
78 78 2.93055
78 79 0.331261
78 80 -0.270279
78 81 -1.32317
78 82 0.331314
78 83 -0.234329
78 84 -0.51243
78 85 0.0466786
78 86 -0.0245548
78 87 -0.0472989
78 91 -0.00778917
78 92 -0.279925
78 93 -0.214704
78 94 -0.213562
78 95 0.158905
78 96 0.099078
78 100 -0.0069305
78 101 -0.0300328
78 102 -0.0686426
79 10 -0.156804
79 11 0.156815
79 12 0.138601
79 19 -0.717222
79 20 0.25906
79 21 -0.000498157
79 37 0.0264125
79 38 -0.210525
79 39 -0.0818208
79 49 -0.104213
79 50 -0.254958
79 51 0.156813
79 76 -0.89411
79 77 0.104534
79 78 0.331261
79 79 6.17285
79 80 -0.303835
79 81 -0.909507
79 82 0.382282
79 83 0.0975741
79 84 -0.359323
79 85 -0.530951
79 86 0.0123912
79 87 -0.0442846
79 88 -1.32317
79 89 -0.509792
79 90 0.430951
79 94 -1.3926
79 95 0.736983
79 96 0.381372
79 100 0.0615491
79 101 -0.0531733
79 102 -0.00357634
79 133 -0.719206
79 134 -0.298773
79 135 0.336649
79 136 0.0423891
79 137 0.0386193
79 138 -0.00127595
79 142 0.0469559
79 143 0.205635
79 144 -0.2827
79 148 -0.0311313
79 149 -0.0208144
79 150 -0.0270815
80 10 0.138602
80 11 -0.104204
80 12 -0.216268
80 19 0.22134
80 20 -0.714705
80 21 0.22134
80 37 -0.123313
80 38 -0.0684076
80 39 -0.123313
80 49 -0.216268
80 50 -0.104204
80 51 0.138602
80 76 0.00229613
80 77 -0.413579
80 78 -0.270279
80 79 -0.303835
80 80 4.39908
80 81 -0.303835
80 82 0.137954
80 83 0.215181
80 84 0.137954
80 85 0.0203483
80 86 -0.570555
80 87 0.0203483
80 88 -0.270279
80 89 -0.413579
80 90 0.00229613
80 94 0.501051
80 95 -0.257786
80 96 -0.215512
80 100 -0.0673631
80 101 -0.065222
80 102 0.0555302
80 133 -0.215512
80 134 -0.257786
80 135 0.501051
80 136 0.0555302
80 137 -0.065222
80 138 -0.0673631
80 142 0.106504
80 143 0.0219767
80 144 0.106504
80 148 -0.0273147
80 149 -0.0895684
80 150 -0.0273147
81 10 0.156813
81 11 -0.254958
81 12 -0.104213
81 19 -0.000498157
81 20 0.25906
81 21 -0.717222
81 37 -0.0818208
81 38 -0.210525
81 39 0.0264125
81 49 0.138601
81 50 0.156815
81 51 -0.156804
81 76 0.430951
81 77 -0.509792
81 78 -1.32317
81 79 -0.909507
81 80 -0.303835
81 81 6.17285
81 82 -0.359323
81 83 0.0975741
81 84 0.382282
81 85 -0.0442846
81 86 0.0123912
81 87 -0.530951
81 88 0.331261
81 89 0.104534
81 90 -0.89411
81 94 0.336649
81 95 -0.298773
81 96 -0.719206
81 100 -0.00127595
81 101 0.0386193
81 102 0.0423891
81 133 0.381372
81 134 0.736983
81 135 -1.3926
81 136 -0.00357634
81 137 -0.0531733
81 138 0.0615491
81 142 -0.2827
81 143 0.205635
81 144 0.0469559
81 148 -0.0270815
81 149 -0.0208144
81 150 -0.0311313
82 37 -0.309924
82 38 -0.137107
82 39 0.103544
82 76 -0.80032
82 77 -0.00778637
82 78 0.331314
82 79 0.382282
82 80 0.137954
82 81 -0.359323
82 82 1.39613
82 83 0.258324
82 84 -0.409856
82 85 -0.0136443
82 86 -0.0182992
82 87 -0.0397489
82 88 -0.51243
82 89 -0.27993
82 90 0.403932
83 37 -0.0896871
83 38 -0.428899
83 39 -0.0896871
83 76 -0.0496898
83 77 -0.214706
83 78 -0.234329
83 79 0.0975741
83 80 0.215181
83 81 0.0975741
83 82 0.258324
83 83 0.818064
83 84 0.258324
83 85 -0.0290364
83 86 0.0257862
83 87 -0.0290364
83 88 -0.234329
83 89 -0.214706
83 90 -0.0496898
84 37 0.103544
84 38 -0.137107
84 39 -0.309924
84 76 0.403932
84 77 -0.27993
84 78 -0.51243
84 79 -0.359323
84 80 0.137954
84 81 0.382282
