%%MatrixMarket matrix coordinate real general
570 570 17946
1 1 1.14898
1 2 -0.00330931
1 3 -0.209421
1 4 -0.490288
1 5 0.0132376
1 6 0.0215878
1 7 -0.00243921
1 8 -0.0615438
1 9 0.003401
1 10 0.239033
1 11 -0.120826
1 12 -0.0647984
1 13 -0.0645249
1 14 0.00904676
1 15 0.00682103
1 22 0.0517706
1 23 0.151559
1 24 -0.0719011
1 28 -0.404238
1 29 -0.158661
1 30 0.186773
1 70 -0.227017
1 71 0.0150686
1 72 0.051991
1 73 -0.109427
1 74 0.00875481
1 75 0.054693
1 82 -0.103798
1 83 0.153733
1 84 0.0535771
2 1 -0.00330931
2 2 1.14898
2 3 -0.209421
2 4 0.0150686
2 5 -0.227017
2 6 0.051991
2 7 -0.0615438
2 8 -0.00243921
2 9 0.003401
2 10 -0.120826
2 11 0.239033
2 12 -0.0647984
2 13 0.00875481
2 14 -0.109427
2 15 0.054693
2 22 0.153733
2 23 -0.103798
2 24 0.0535771
2 28 -0.158661
2 29 -0.404238
2 30 0.186773
2 70 0.0132376
2 71 -0.490288
2 72 0.0215878
2 73 0.00904676
2 74 -0.0645249
2 75 0.00682103
2 82 0.151559
2 83 0.0517706
2 84 -0.0719011
3 1 -0.209421
3 2 -0.209421
3 3 0.252661
3 4 0.0347254
3 5 0.0517393
3 6 -0.0169507
3 7 0.00650756
3 8 0.00650756
3 9 0.00452372
3 10 -0.03681
3 11 -0.03681
3 12 0.0922962
3 13 0.00705807
3 14 0.0533045
3 15 -0.0260648
3 22 -0.047684
3 23 0.0196001
3 24 0.0258947
3 28 0.153704
3 29 0.153704
3 30 -0.139683
3 70 0.0517393
3 71 0.0347254
3 72 -0.0169507
3 73 0.0533045
3 74 0.00705807
3 75 -0.0260648
3 82 0.0196001
3 83 -0.047684
3 84 0.0258947
4 1 -0.490288
4 2 0.0150686
4 3 0.0347254
4 4 1.35896
4 5 -0.0192538
4 6 0.120612
4 7 -0.322136
4 8 0.0534312
4 9 -0.0475021
4 10 0.146251
4 11 0.145477
4 12 0.0125669
4 13 0.00618837
4 14 -0.00747848
4 15 0.00389223
4 16 -0.0749558
4 17 -0.0015683
4 18 -0.0107133
4 22 -0.204873
4 23 -0.152232
4 24 0.0785112
4 151 0.0413018
4 152 -0.172707
4 153 -0.00953946
4 154 0.00580874
4 155 -0.0155443
4 156 0.00430168
4 157 -0.120698
4 158 -0.00738231
4 159 -0.044487
4 163 -0.299732
4 164 0.155708
4 165 -0.17141
5 1 0.0132376
5 2 -0.227017
5 3 0.0517393
5 4 -0.0192538
5 5 1.45826
5 6 -0.264349
5 7 0.0567121
5 8 -0.676716
5 9 0.0436884
5 10 0.138772
5 11 0.230363
5 12 -0.0634506
5 13 -0.00734755
5 14 0.00407496
5 15 0.00289473
5 16 -0.00140726
5 17 -0.131201
5 18 0.0697876
5 22 -0.153872
5 23 -0.433075
5 24 0.155656
5 151 -0.158282
5 152 0.175228
5 153 -0.114306
5 154 -0.015401
5 155 0.00019478
5 156 -0.00672911
5 157 -0.00828057
5 158 -0.075992
5 159 0.00689001
5 163 0.14864
5 164 -0.273149
5 165 0.163482
6 1 0.0215878
6 2 0.051991
6 3 -0.0169507
6 4 0.120612
6 5 -0.264349
6 6 0.311853
6 7 -0.050617
6 8 0.0639361
6 9 -0.00719659
6 10 -0.0283544
6 11 -0.0271004
6 12 0.0484758
6 13 0.00367433
6 14 0.00272001
6 15 0.00800216
6 16 -0.0107324
6 17 0.0679792
6 18 -0.025685
6 22 0.0568445
6 23 0.0981047
6 24 -0.0959266
6 151 0.035513
6 152 -0.0860004
6 153 0.105656
6 154 0.00466908
6 155 -0.00607244
6 156 -0.000703659
6 157 -0.0417612
6 158 0.00741633
6 159 -0.0320328
6 163 -0.140478
6 164 0.136679
6 165 -0.0590304
7 1 -0.00243921
7 2 -0.0615438
7 3 0.00650756
7 4 -0.322136
7 5 0.0567121
7 6 -0.050617
7 7 1.76539
7 8 -0.111995
7 9 0.121594
7 10 -0.00787244
7 11 -0.196175
7 12 0.0529212
7 70 -0.676716
7 71 0.0534312
7 72 0.0639361
7 151 -0.26335
7 152 0.213772
7 153 -0.133027
7 154 -0.1709
7 155 0.0229266
7 156 -0.0612904
7 220 -0.0591629
7 221 0.197694
7 222 0.0694653
7 223 -0.105998
7 224 0.0236816
7 225 -0.000160902
7 289 -0.0910325
7 290 -0.1926
7 291 -0.108435
8 1 -0.0615438
8 2 -0.00243921
8 3 0.00650756
8 4 0.0534312
8 5 -0.676716
8 6 0.0639361
8 7 -0.111995
8 8 1.76539
8 9 0.121594
8 10 -0.196175
8 11 -0.00787244
8 12 0.0529212
8 70 0.0567121
8 71 -0.322136
8 72 -0.050617
8 151 0.197694
8 152 -0.0591629
8 153 0.0694653
8 154 0.0236816
8 155 -0.105998
8 156 -0.000160902
8 220 0.213772
8 221 -0.26335
8 222 -0.133027
8 223 0.0229266
8 224 -0.1709
8 225 -0.0612904
8 289 -0.1926
8 290 -0.0910325
8 291 -0.108435
9 1 0.003401
9 2 0.003401
9 3 0.00452372
9 4 -0.0475021
9 5 0.0436884
9 6 -0.00719659
9 7 0.121594
9 8 0.121594
9 9 0.386673
9 10 0.0123027
9 11 0.0123027
9 12 -0.0550237
9 70 0.0436884
9 71 -0.0475021
9 72 -0.00719659
9 151 -0.0755389
9 152 0.0271808
9 153 0.0456128
9 154 -0.0570715
9 155 -0.00134391
9 156 -0.0437862
9 220 0.0271808
9 221 -0.0755389
9 222 0.0456128
9 223 -0.00134391
9 224 -0.0570715
9 225 -0.0437862
9 289 -0.0658161
9 290 -0.0658161
9 291 0.0271107
10 1 0.239033
10 2 -0.120826
10 3 -0.03681
10 4 0.146251
10 5 0.138772
10 6 -0.0283544
10 7 -0.00787244
10 8 -0.196175
10 9 0.0123027
10 10 3.99177
10 11 -0.572738
10 12 -0.189222
10 22 -0.795231
10 23 0.300966
10 24 -0.0622729
10 28 -0.135102
10 29 -0.285158
10 30 0.163616
10 40 -0.0439254
10 41 -0.000924147
10 42 0.00336952
10 70 0.230363
10 71 0.145477
10 72 -0.0271004
10 82 -1.41806
10 83 0.317979
10 84 0.444622
10 151 -1.43761
10 152 0.282551
10 153 -0.28823
10 220 -0.813823
10 221 0.277145
10 222 0.0707951
10 289 0.176885
10 290 -0.276225
10 291 -0.0203611
10 295 0.0127701
10 296 -0.00079946
10 297 -0.0033144
11 1 -0.120826
11 2 0.239033
11 3 -0.03681
11 4 0.145477
11 5 0.230363
11 6 -0.0271004
11 7 -0.196175
11 8 -0.00787244
11 9 0.0123027
11 10 -0.572738
11 11 3.99177
11 12 -0.189222
11 22 0.317979
11 23 -1.41806
11 24 0.444622
11 28 -0.285158
11 29 -0.135102
11 30 0.163616
11 40 -0.000924147
11 41 -0.0439254
11 42 0.00336952
11 70 0.138772
11 71 0.146251
11 72 -0.0283544
11 82 0.300966
11 83 -0.795231
11 84 -0.0622729
11 151 0.277145
11 152 -0.813823
11 153 0.0707951
11 220 0.282551
11 221 -1.43761
11 222 -0.28823
11 289 -0.276225
11 290 0.176885
11 291 -0.0203611
11 295 -0.00079946
11 296 0.0127701
11 297 -0.0033144
12 1 -0.0647984
12 2 -0.0647984
12 3 0.0922962
12 4 0.0125669
12 5 -0.0634506
12 6 0.0484758
12 7 0.0529212
12 8 0.0529212
12 9 -0.0550237
12 10 -0.189222
12 11 -0.189222
12 12 0.966713
12 22 -0.0378453
12 23 0.361204
12 24 -0.0800688
12 28 0.125112
12 29 0.125112
12 30 -0.0365022
12 40 0.00333598
12 41 0.00333598
12 42 -0.0409287
12 70 -0.0634506
12 71 0.0125669
12 72 0.0484758
12 82 0.361204
12 83 -0.0378453
12 84 -0.0800688
12 151 -0.210011
12 152 0.0458947
12 153 -0.0448928
12 220 0.0458947
12 221 -0.210011
12 222 -0.0448928
12 289 0.00658387
12 290 0.00658387
12 291 0.0110985
12 295 -0.00325142
12 296 -0.00325142
12 297 0.01558
13 1 -0.0645249
13 2 0.00875481
13 3 0.00705807
13 4 0.00618837
13 5 -0.00734755
13 6 0.00367433
13 13 0.160491
13 14 -0.00294191
13 15 -0.0125268
13 16 -0.0333441
13 17 0.000241937
13 18 0.000449392
13 19 -5.50029e-05
13 20 0.0121966
13 21 -0.00680875
13 22 0.0107498
13 23 -0.00959566
13 24 -0.00455552
13 25 -0.0838572
13 26 -0.00951233
13 27 0.0176399
13 28 0.00572119
13 29 0.00859819
13 30 -0.00418889
14 1 0.00904676
14 2 -0.109427
14 3 0.0533045
14 4 -0.00747848
14 5 0.00407496
14 6 0.00272001
14 13 -0.00294191
14 14 0.180988
14 15 -0.0691131
14 16 0.000413348
14 17 -0.0113867
14 18 0.00748533
14 19 0.0128838
14 20 -0.00748983
14 21 0.00987176
14 22 -0.00839264
14 23 0.00135287
14 24 -0.0170248
14 25 -0.010312
14 26 -0.113467
14 27 0.0551087
14 28 0.00717515
14 29 0.058129
14 30 -0.0394723
15 1 0.00682103
15 2 0.054693
15 3 -0.0260648
15 4 0.00389223
15 5 0.00289473
15 6 0.00800216
15 13 -0.0125268
15 14 -0.0691131
15 15 0.0863057
15 16 0.000674327
15 17 0.00748687
15 18 -0.00166689
15 19 -0.00675698
15 20 0.00933484
15 21 0.0037116
15 22 -0.00260243
15 23 -0.0164826
15 24 -0.019566
15 25 0.0175141
15 26 0.0528293
15 27 -0.0535351
15 28 -0.00627368
15 29 -0.0387629
15 30 0.00942444
16 4 -0.0749558
16 5 -0.00140726
16 6 -0.0107324
16 13 -0.0333441
16 14 0.000413348
16 15 0.000674327
16 16 0.175943
16 17 0.00228663
16 18 0.0114031
16 19 -0.10049
16 20 -0.00268425
16 21 -0.0108312
16 22 0.0643442
16 23 0.00630952
16 24 0.0174008
16 163 -0.0299058
16 164 -0.00531205
16 165 -0.0086564
17 4 -0.0015683
17 5 -0.131201
17 6 0.0679792
17 13 0.000241937
17 14 -0.0113867
17 15 0.00748687
17 16 0.00228663
17 17 0.20485
17 18 -0.0820586
17 19 -0.00257181
17 20 -0.145006
17 21 0.0784953
17 22 0.00442745
17 23 0.0955843
17 24 -0.0758029
17 163 -0.00320997
17 164 -0.0095548
17 165 0.0073147
18 4 -0.0107133
18 5 0.0697876
18 6 -0.025685
18 13 0.000449392
18 14 0.00748533
18 15 -0.00166689
18 16 0.0114031
18 17 -0.0820586
18 18 0.0923562
18 19 -0.0107571
18 20 0.0752325
18 21 -0.0584972
18 22 0.0148601
18 23 -0.0741639
18 24 0.00124716
18 163 -0.00598395
18 164 0.00713156
18 165 7.18067e-05
19 13 -5.50029e-05
19 14 0.0128838
19 15 -0.00675698
19 16 -0.10049
19 17 -0.00257181
19 18 -0.0107571
19 19 3.32221
19 20 0.135839
19 21 0.135839
19 22 -0.646408
19 23 0.279931
19 24 -0.211452
19 25 -1.07085
19 26 0.10787
19 27 0.10787
19 37 0.190298
19 38 0.00334144
19 39 0.00334144
19 55 -5.50029e-05
19 56 -0.00675698
19 57 0.0128838
19 58 -0.10049
19 59 -0.0107571
19 60 -0.00257181
19 61 -0.646408
19 62 -0.211452
19 63 0.279931
19 163 -0.116548
19 164 -0.31094
19 165 0.157157
19 166 0.0238516
19 167 -0.0479567
19 168 -0.0479567
19 175 -0.626604
19 176 -0.147596
19 177 -0.147596
19 205 -0.116548
19 206 0.157157
19 207 -0.31094
20 13 0.0121966
20 14 -0.00748983
20 15 0.00933484
20 16 -0.00268425
20 17 -0.145006
20 18 0.0752325
20 19 0.135839
20 20 2.09784
20 21 -1.48949
20 22 0.255999
20 23 -0.890151
20 24 0.629137
20 25 0.0703744
20 26 -0.257598
20 27 0.244591
20 37 -0.0239605
20 38 0.261119
20 39 -0.266016
20 55 -0.00680875
20 56 0.0037116
20 57 0.00987176
20 58 -0.0108312
20 59 -0.0584972
20 60 0.0784953
20 61 -0.243956
20 62 -0.459445
20 63 0.730018
20 163 -0.270243
20 164 -0.226803
20 165 0.0931459
20 166 -0.00878188
20 167 0.226363
20 168 -0.155824
20 175 -0.122698
20 176 -0.215581
20 177 0.151247
20 205 0.174547
20 206 0.0309052
20 207 0.145579
21 13 -0.00680875
21 14 0.00987176
21 15 0.0037116
21 16 -0.0108312
21 17 0.0784953
21 18 -0.0584972
21 19 0.135839
21 20 -1.48949
21 21 2.09784
21 22 -0.243956
21 23 0.730018
21 24 -0.459445
21 25 0.0703744
21 26 0.244591
21 27 -0.257598
21 37 -0.0239605
21 38 -0.266016
21 39 0.261119
21 55 0.0121966
21 56 0.00933484
21 57 -0.00748983
21 58 -0.00268425
21 59 0.0752325
21 60 -0.145006
21 61 0.255999
21 62 0.629137
21 63 -0.890151
21 163 0.174547
21 164 0.145579
21 165 0.0309052
21 166 -0.00878188
21 167 -0.155824
21 168 0.226363
21 175 -0.122698
21 176 0.151247
21 177 -0.215581
21 205 -0.270243
21 206 0.0931459
21 207 -0.226803
22 1 0.0517706
22 2 0.153733
22 3 -0.047684
22 4 -0.204873
22 5 -0.153872
22 6 0.0568445
22 10 -0.795231
22 11 0.317979
22 12 -0.0378453
22 13 0.0107498
22 14 -0.00839264
22 15 -0.00260243
22 16 0.0643442
22 17 0.00442745
22 18 0.0148601
22 19 -0.646408
22 20 0.255999
22 21 -0.243956
22 22 4.85163
22 23 -0.374594
22 24 0.00533745
22 25 -0.0204066
22 26 -0.247001
22 27 0.220785
22 28 -1.33297
22 29 0.329645
22 30 0.257316
22 37 -0.489107
22 38 -0.0835141
22 39 0.162259
22 40 -0.0141307
22 41 0.00111239
22 42 5.91047e-05
22 151 -0.108681
22 152 -0.308785
22 153 0.0366285
22 163 -1.04791
22 164 0.0264398
22 165 -0.283057
22 166 -0.177559
22 167 0.0935289
22 168 -0.132314
22 169 0.00718689
22 170 -0.00130577
22 171 -0.00275472
23 1 0.151559
23 2 -0.103798
23 3 0.0196001
23 4 -0.152232
23 5 -0.433075
23 6 0.0981047
23 10 0.300966
23 11 -1.41806
23 12 0.361204
23 13 -0.00959566
23 14 0.00135287
23 15 -0.0164826
23 16 0.00630952
23 17 0.0955843
23 18 -0.0741639
23 19 0.279931
23 20 -0.890151
23 21 0.730018
23 22 -0.374594
23 23 4.4679
23 24 -1.77459
23 25 -0.263174
23 26 -0.0483509
23 27 0.15386
23 28 0.270154
23 29 -0.360317
23 30 0.11203
23 37 -0.0840015
23 38 -0.479462
23 39 0.404331
23 40 0.000900293
23 41 -0.0107071
23 42 -0.00147404
23 151 -0.282266
23 152 -0.240419
23 153 0.0240122
23 163 0.0682675
23 164 -0.141543
23 165 0.0921649
23 166 0.0941115
23 167 -0.162784
23 168 0.154788
23 169 -0.000936341
23 170 0.0106118
23 171 0.00127071
24 1 -0.0719011
24 2 0.0535771
24 3 0.0258947
24 4 0.0785112
24 5 0.155656
24 6 -0.0959266
24 10 -0.0622729
24 11 0.444622
24 12 -0.0800688
24 13 -0.00455552
24 14 -0.0170248
24 15 -0.019566
24 16 0.0174008
24 17 -0.0758029
24 18 0.00124716
24 19 -0.211452
24 20 0.629137
24 21 -0.459445
24 22 0.00533745
24 23 -1.77459
24 24 1.98212
24 25 0.185692
24 26 0.103513
24 27 -0.0625389
24 28 0.174107
24 29 0.128264
24 30 -0.064358
24 37 0.144882
24 38 0.368096
24 39 -0.359792
24 40 0.000119666
24 41 -0.00154903
24 42 -0.0121251
24 151 0.0583948
24 152 0.062318
24 153 0.0210405
24 163 -0.188143
24 164 0.0659227
24 165 -0.0804907
24 166 -0.119412
24 167 0.141422
24 168 -0.100739
24 169 -0.00283152
24 170 0.00111234
24 171 0.0123512
25 13 -0.0838572
25 14 -0.010312
25 15 0.0175141
25 19 -1.07085
25 20 0.0703744
25 21 0.0703744
25 22 -0.0204066
25 23 -0.263174
25 24 0.185692
25 25 2.70829
25 26 -0.500852
25 27 -0.500852
25 28 -0.530819
25 29 0.374932
25 30 -0.00429294
25 31 -0.468421
25 32 0.193919
25 33 0.193919
25 34 -0.106559
25 35 0.0775158
25 36 0.0775158
25 37 0.320141
25 38 -0.0645229
25 39 -0.0645229
25 55 -0.0838572
25 56 0.0175141
25 57 -0.010312
25 61 -0.0204066
25 62 0.185692
25 63 -0.263174
25 64 -0.530819
25 65 -0.00429294
25 66 0.374932
26 13 -0.00951233
26 14 -0.113467
26 15 0.0528293
26 19 0.10787
26 20 -0.257598
26 21 0.244591
26 22 -0.247001
26 23 -0.0483509
26 24 0.103513
26 25 -0.500852
26 26 1.78549
26 27 -1.1199
26 28 0.335316
26 29 -0.880548
26 30 0.463355
26 31 0.180055
26 32 -0.216794
26 33 0.0726358
26 34 0.0334005
26 35 0.173807
26 36 -0.17893
26 37 -0.0444605
26 38 0.267875
26 39 -0.190872
26 55 0.0176399
26 56 -0.0535351
26 57 0.0551087
26 61 0.220785
26 62 -0.0625389
26 63 0.15386
26 64 -0.0164469
26 65 -0.323216
26 66 0.533058
27 13 0.0176399
27 14 0.0551087
27 15 -0.0535351
27 19 0.10787
27 20 0.244591
27 21 -0.257598
27 22 0.220785
27 23 0.15386
27 24 -0.0625389
27 25 -0.500852
27 26 -1.1199
27 27 1.78549
27 28 -0.0164469
27 29 0.533058
27 30 -0.323216
27 31 0.180055
27 32 0.0726358
27 33 -0.216794
27 34 0.0334005
27 35 -0.17893
27 36 0.173807
27 37 -0.0444605
27 38 -0.190872
27 39 0.267875
27 55 -0.00951233
27 56 0.0528293
27 57 -0.113467
27 61 -0.247001
27 62 0.103513
27 63 -0.0483509
27 64 0.335316
27 65 0.463355
27 66 -0.880548
28 1 -0.404238
28 2 -0.158661
28 3 0.153704
28 10 -0.135102
28 11 -0.285158
28 12 0.125112
28 13 0.00572119
28 14 0.00717515
28 15 -0.00627368
28 22 -1.33297
28 23 0.270154
28 24 0.174107
28 25 -0.530819
28 26 0.335316
28 27 -0.0164469
28 28 4.42199
28 29 -0.794337
28 30 -1.38514
28 31 0.0270151
28 32 -0.113279
28 33 0.0772365
28 34 -0.529644
28 35 -0.0981168
28 36 0.474219
28 37 0.0316688
28 38 0.105195
28 39 -0.0949169
28 40 -0.0271414
28 41 -0.00118463
28 42 -0.00180708
28 73 0.058129
28 74 0.00859819
28 75 -0.0387629
28 82 -0.360317
28 83 0.329645
28 84 0.128264
28 85 -0.880548
28 86 0.374932
28 87 0.533058
28 88 -0.131008
28 89 0.113521
28 90 0.0738241
29 1 -0.158661
29 2 -0.404238
29 3 0.153704
29 10 -0.285158
29 11 -0.135102
29 12 0.125112
29 13 0.00859819
29 14 0.058129
29 15 -0.0387629
29 22 0.329645
29 23 -0.360317
29 24 0.128264
29 25 0.374932
29 26 -0.880548
29 27 0.533058
29 28 -0.794337
29 29 4.42199
29 30 -1.38514
29 31 -0.113279
29 32 0.0270151
29 33 0.0772365
29 34 -0.0981168
29 35 -0.529644
29 36 0.474219
29 37 0.113521
29 38 -0.131008
29 39 0.0738241
29 40 -0.00118463
29 41 -0.0271414
29 42 -0.00180708
29 73 0.00717515
29 74 0.00572119
29 75 -0.00627368
29 82 0.270154
29 83 -1.33297
29 84 0.174107
29 85 0.335316
29 86 -0.530819
29 87 -0.0164469
29 88 0.105195
29 89 0.0316688
29 90 -0.0949169
30 1 0.186773
30 2 0.186773
30 3 -0.139683
30 10 0.163616
30 11 0.163616
30 12 -0.0365022
30 13 -0.00418889
30 14 -0.0394723
30 15 0.00942444
30 22 0.257316
30 23 0.11203
30 24 -0.064358
30 25 -0.00429294
30 26 0.463355
30 27 -0.323216
30 28 -1.38514
30 29 -1.38514
30 30 2.16735
30 31 0.063216
30 32 0.063216
30 33 -0.0864965
30 34 0.417347
30 35 0.417347
30 36 -0.622597
30 37 -0.085708
30 38 0.0531141
30 39 0.0193282
30 40 -0.00178846
30 41 -0.00178846
30 42 -0.0304405
30 73 -0.0394723
30 74 -0.00418889
30 75 0.00942444
30 82 0.11203
30 83 0.257316
30 84 -0.064358
30 85 0.463355
30 86 -0.00429294
30 87 -0.323216
30 88 0.0531141
30 89 -0.085708
30 90 0.0193282
31 25 -0.468421
31 26 0.180055
31 27 0.180055
31 28 0.0270151
31 29 -0.113279
31 30 0.063216
31 31 0.73544
31 32 -0.319697
31 33 -0.319697
31 34 0.256011
31 35 -0.117575
31 36 -0.117575
31 64 0.0270151
31 65 0.063216
31 66 -0.113279
31 85 -0.216794
31 86 0.193919
31 87 0.0726358
31 112 -0.0864965
31 113 0.0772365
31 114 0.0772365
31 133 -0.216794
31 134 0.0726358
31 135 0.193919
32 25 0.193919
32 26 -0.216794
32 27 0.0726358
32 28 -0.113279
32 29 0.0270151
32 30 0.063216
32 31 -0.319697
32 32 0.73544
32 33 -0.319697
32 34 -0.117575
32 35 0.256011
32 36 -0.117575
32 64 0.0772365
32 65 -0.0864965
32 66 0.0772365
32 85 0.180055
32 86 -0.468421
32 87 0.180055
32 112 0.063216
32 113 0.0270151
32 114 -0.113279
32 133 0.0726358
32 134 -0.216794
32 135 0.193919
33 25 0.193919
33 26 0.0726358
33 27 -0.216794
33 28 0.0772365
33 29 0.0772365
33 30 -0.0864965
33 31 -0.319697
33 32 -0.319697
33 33 0.73544
33 34 -0.117575
33 35 -0.117575
33 36 0.256011
33 64 -0.113279
33 65 0.063216
33 66 0.0270151
33 85 0.0726358
33 86 0.193919
33 87 -0.216794
33 112 0.063216
33 113 -0.113279
33 114 0.0270151
33 133 0.180055
33 134 0.180055
33 135 -0.468421
34 25 -0.106559
34 26 0.0334005
34 27 0.0334005
34 28 -0.529644
34 29 -0.0981168
34 30 0.417347
34 31 0.256011
34 32 -0.117575
34 33 -0.117575
34 34 2.39429
34 35 -0.899234
34 36 -0.899234
34 37 -0.58325
34 38 0.151663
34 39 0.151663
34 40 0.0130788
34 41 -0.000913177
34 42 0.000573576
34 64 -0.529644
34 65 0.417347
34 66 -0.0981168
34 67 0.0130788
34 68 0.000573576
34 69 -0.000913177
34 85 0.173807
34 86 0.0775158
34 87 -0.17893
34 88 -0.211777
34 89 0.164131
34 90 0.126323
34 112 -0.622597
34 113 0.474219
34 114 0.474219
34 115 0.01273
34 116 0.000582022
34 117 0.000582022
34 133 0.173807
34 134 -0.17893
34 135 0.0775158
34 136 -0.211777
34 137 0.126323
34 138 0.164131
35 25 0.0775158
35 26 0.173807
35 27 -0.17893
35 28 -0.0981168
35 29 -0.529644
35 30 0.417347
35 31 -0.117575
35 32 0.256011
35 33 -0.117575
35 34 -0.899234
35 35 2.39429
35 36 -0.899234
35 37 0.164131
35 38 -0.211777
35 39 0.126323
35 40 -0.000913177
35 41 0.0130788
35 42 0.000573576
35 64 0.474219
35 65 -0.622597
35 66 0.474219
35 67 0.000582022
35 68 0.01273
35 69 0.000582022
35 85 0.0334005
35 86 -0.106559
35 87 0.0334005
35 88 0.151663
35 89 -0.58325
35 90 0.151663
35 112 0.417347
35 113 -0.529644
35 114 -0.0981168
35 115 0.000573576
35 116 0.0130788
35 117 -0.000913177
35 133 -0.17893
35 134 0.173807
35 135 0.0775158
35 136 0.126323
35 137 -0.211777
35 138 0.164131
36 25 0.0775158
36 26 -0.17893
36 27 0.173807
36 28 0.474219
36 29 0.474219
36 30 -0.622597
36 31 -0.117575
36 32 -0.117575
36 33 0.256011
36 34 -0.899234
36 35 -0.899234
36 36 2.39429
36 37 0.164131
36 38 0.126323
36 39 -0.211777
36 40 0.000582022
36 41 0.000582022
36 42 0.01273
36 64 -0.0981168
36 65 0.417347
36 66 -0.529644
36 67 -0.000913177
36 68 0.000573576
36 69 0.0130788
36 85 -0.17893
36 86 0.0775158
36 87 0.173807
36 88 0.126323
36 89 0.164131
36 90 -0.211777
36 112 0.417347
36 113 -0.0981168
36 114 -0.529644
36 115 0.000573576
36 116 -0.000913177
36 117 0.0130788
36 133 0.0334005
36 134 0.0334005
36 135 -0.106559
36 136 0.151663
36 137 0.151663
36 138 -0.58325
37 19 0.190298
37 20 -0.0239605
37 21 -0.0239605
37 22 -0.489107
37 23 -0.0840015
37 24 0.144882
37 25 0.320141
37 26 -0.0444605
37 27 -0.0444605
37 28 0.0316688
37 29 0.113521
37 30 -0.085708
37 34 -0.58325
37 35 0.164131
37 36 0.164131
37 37 1.35502
37 38 -0.146059
37 39 -0.146059
37 40 -0.000672001
37 41 0.00124508
37 42 0.00098447
37 61 -0.489107
37 62 0.144882
37 63 -0.0840015
37 64 0.0316688
37 65 -0.085708
37 66 0.113521
37 67 -0.000672001
37 68 0.00098447
37 69 0.00124508
37 166 -0.321137
37 167 -0.0152782
37 168 -0.0152782
38 19 0.00334144
38 20 0.261119
38 21 -0.266016
38 22 -0.0835141
38 23 -0.479462
38 24 0.368096
38 25 -0.0645229
38 26 0.267875
38 27 -0.190872
38 28 0.105195
38 29 -0.131008
38 30 0.0531141
38 34 0.151663
38 35 -0.211777
38 36 0.126323
38 37 -0.146059
38 38 0.851096
38 39 -0.559509
38 40 0.00116647
38 41 -0.00368788
38 42 0.00263896
38 61 0.162259
38 62 -0.359792
38 63 0.404331
38 64 -0.0949169
38 65 0.0193282
38 66 0.0738241
38 67 0.00101982
38 68 0.00091863
38 69 0.00262452
38 166 -0.0103361
38 167 -0.0856578
38 168 0.0776141
39 19 0.00334144
39 20 -0.266016
39 21 0.261119
39 22 0.162259
39 23 0.404331
39 24 -0.359792
39 25 -0.0645229
39 26 -0.190872
39 27 0.267875
39 28 -0.0949169
39 29 0.0738241
39 30 0.0193282
39 34 0.151663
39 35 0.126323
39 36 -0.211777
39 37 -0.146059
39 38 -0.559509
39 39 0.851096
39 40 0.00101982
39 41 0.00262452
39 42 0.00091863
39 61 -0.0835141
39 62 0.368096
39 63 -0.479462
39 64 0.105195
39 65 0.0531141
39 66 -0.131008
39 67 0.00116647
39 68 0.00263896
39 69 -0.00368788
39 166 -0.0103361
39 167 0.0776141
39 168 -0.0856578
40 10 -0.0439254
40 11 -0.000924147
40 12 0.00333598
40 22 -0.0141307
40 23 0.000900293
40 24 0.000119666
40 28 -0.0271414
40 29 -0.00118463
40 30 -0.00178846
40 34 0.0130788
40 35 -0.000913177
40 36 0.000582022
40 37 -0.000672001
40 38 0.00116647
40 39 0.00101982
40 40 0.0872468
40 41 -0.00137315
40 42 -0.00428401
40 82 -0.0107071
40 83 0.00111239
40 84 -0.00154903
40 88 -0.00368788
40 89 0.00124508
40 90 0.00262452
41 10 -0.000924147
41 11 -0.0439254
41 12 0.00333598
41 22 0.00111239
41 23 -0.0107071
41 24 -0.00154903
41 28 -0.00118463
41 29 -0.0271414
41 30 -0.00178846
41 34 -0.000913177
41 35 0.0130788
41 36 0.000582022
41 37 0.00124508
41 38 -0.00368788
41 39 0.00262452
41 40 -0.00137315
41 41 0.0872468
41 42 -0.00428401
41 82 0.000900293
41 83 -0.0141307
41 84 0.000119666
41 88 0.00116647
41 89 -0.000672001
41 90 0.00101982
42 10 0.00336952
42 11 0.00336952
42 12 -0.0409287
42 22 5.91047e-05
42 23 -0.00147404
42 24 -0.0121251
42 28 -0.00180708
42 29 -0.00180708
42 30 -0.0304405
42 34 0.000573576
42 35 0.000573576
42 36 0.01273
42 37 0.00098447
42 38 0.00263896
42 39 0.00091863
42 40 -0.00428401
42 41 -0.00428401
42 42 0.0812096
42 82 -0.00147404
42 83 5.91047e-05
42 84 -0.0121251
42 88 0.00263896
42 89 0.00098447
42 90 0.00091863
43 43 1.14898
43 44 -0.209421
43 45 -0.00330931
43 46 -0.490288
43 47 0.0215878
43 48 0.0132376
43 49 -0.00243921
43 50 0.003401
43 51 -0.0615438
43 52 0.239033
43 53 -0.0647984
43 54 -0.120826
43 55 -0.0645249
43 56 0.00682103
43 57 0.00904676
43 61 0.0517706
43 62 -0.0719011
43 63 0.151559
43 64 -0.404238
43 65 0.186773
43 66 -0.158661
43 118 -0.227017
43 119 0.051991
43 120 0.0150686
43 121 -0.109427
43 122 0.054693
43 123 0.00875481
43 130 -0.103798
43 131 0.0535771
43 132 0.153733
44 43 -0.209421
44 44 0.252661
44 45 -0.209421
44 46 0.0347254
44 47 -0.0169507
44 48 0.0517393
44 49 0.00650756
44 50 0.00452372
44 51 0.00650756
44 52 -0.03681
44 53 0.0922962
44 54 -0.03681
44 55 0.00705807
44 56 -0.0260648
44 57 0.0533045
44 61 -0.047684
44 62 0.0258947
44 63 0.0196001
44 64 0.153704
44 65 -0.139683
44 66 0.153704
44 118 0.0517393
44 119 -0.0169507
44 120 0.0347254
44 121 0.0533045
44 122 -0.0260648
44 123 0.00705807
44 130 0.0196001
44 131 0.0258947
44 132 -0.047684
45 43 -0.00330931
45 44 -0.209421
45 45 1.14898
45 46 0.0150686
45 47 0.051991
45 48 -0.227017
45 49 -0.0615438
45 50 0.003401
45 51 -0.00243921
45 52 -0.120826
45 53 -0.0647984
45 54 0.239033
45 55 0.00875481
45 56 0.054693
45 57 -0.109427
45 61 0.153733
45 62 0.0535771
45 63 -0.103798
45 64 -0.158661
45 65 0.186773
45 66 -0.404238
45 118 0.0132376
45 119 0.0215878
45 120 -0.490288
45 121 0.00904676
45 122 0.00682103
45 123 -0.0645249
45 130 0.151559
45 131 -0.0719011
45 132 0.0517706
46 43 -0.490288
46 44 0.0347254
46 45 0.0150686
46 46 1.35896
46 47 0.120612
46 48 -0.0192538
46 49 -0.322136
46 50 -0.0475021
46 51 0.0534312
46 52 0.146251
46 53 0.0125669
46 54 0.145477
46 55 0.00618837
46 56 0.00389223
46 57 -0.00747848
46 58 -0.0749558
46 59 -0.0107133
46 60 -0.0015683
46 61 -0.204873
46 62 0.0785112
46 63 -0.152232
46 193 0.0413018
46 194 -0.00953946
46 195 -0.172707
46 196 0.00580874
46 197 0.00430168
46 198 -0.0155443
46 199 -0.120698
46 200 -0.044487
46 201 -0.00738231
46 205 -0.299732
46 206 -0.17141
46 207 0.155708
47 43 0.0215878
47 44 -0.0169507
47 45 0.051991
47 46 0.120612
47 47 0.311853
47 48 -0.264349
47 49 -0.050617
47 50 -0.00719659
47 51 0.0639361
47 52 -0.0283544
47 53 0.0484758
47 54 -0.0271004
47 55 0.00367433
47 56 0.00800216
47 57 0.00272001
47 58 -0.0107324
47 59 -0.025685
47 60 0.0679792
47 61 0.0568445
47 62 -0.0959266
47 63 0.0981047
47 193 0.035513
47 194 0.105656
47 195 -0.0860004
47 196 0.00466908
47 197 -0.000703659
47 198 -0.00607244
47 199 -0.0417612
47 200 -0.0320328
47 201 0.00741633
47 205 -0.140478
47 206 -0.0590304
47 207 0.136679
48 43 0.0132376
48 44 0.0517393
48 45 -0.227017
48 46 -0.0192538
48 47 -0.264349
48 48 1.45826
48 49 0.0567121
48 50 0.0436884
48 51 -0.676716
48 52 0.138772
48 53 -0.0634506
48 54 0.230363
48 55 -0.00734755
48 56 0.00289473
48 57 0.00407496
48 58 -0.00140726
48 59 0.0697876
48 60 -0.131201
48 61 -0.153872
48 62 0.155656
48 63 -0.433075
48 193 -0.158282
48 194 -0.114306
48 195 0.175228
48 196 -0.015401
48 197 -0.00672911
48 198 0.00019478
48 199 -0.00828057
48 200 0.00689001
48 201 -0.075992
48 205 0.14864
48 206 0.163482
48 207 -0.273149
49 43 -0.00243921
49 44 0.00650756
49 45 -0.0615438
49 46 -0.322136
49 47 -0.050617
49 48 0.0567121
49 49 1.76539
49 50 0.121594
49 51 -0.111995
49 52 -0.00787244
49 53 0.0529212
49 54 -0.196175
49 118 -0.676716
49 119 0.0639361
49 120 0.0534312
49 193 -0.26335
49 194 -0.133027
49 195 0.213772
49 196 -0.1709
49 197 -0.0612904
49 198 0.0229266
49 340 -0.0591629
49 341 0.0694653
49 342 0.197694
49 343 -0.105998
49 344 -0.000160902
49 345 0.0236816
49 409 -0.0910325
49 410 -0.108435
49 411 -0.1926
50 43 0.003401
50 44 0.00452372
50 45 0.003401
50 46 -0.0475021
50 47 -0.00719659
50 48 0.0436884
50 49 0.121594
50 50 0.386673
50 51 0.121594
50 52 0.0123027
50 53 -0.0550237
50 54 0.0123027
50 118 0.0436884
50 119 -0.00719659
50 120 -0.0475021
50 193 -0.0755389
50 194 0.0456128
50 195 0.0271808
50 196 -0.0570715
50 197 -0.0437862
50 198 -0.00134391
50 340 0.0271808
50 341 0.0456128
50 342 -0.0755389
50 343 -0.00134391
50 344 -0.0437862
50 345 -0.0570715
50 409 -0.0658161
50 410 0.0271107
50 411 -0.0658161
51 43 -0.0615438
51 44 0.00650756
51 45 -0.00243921
51 46 0.0534312
51 47 0.0639361
51 48 -0.676716
51 49 -0.111995
51 50 0.121594
51 51 1.76539
51 52 -0.196175
51 53 0.0529212
51 54 -0.00787244
51 118 0.0567121
51 119 -0.050617
51 120 -0.322136
51 193 0.197694
51 194 0.0694653
51 195 -0.0591629
51 196 0.0236816
51 197 -0.000160902
51 198 -0.105998
51 340 0.213772
51 341 -0.133027
51 342 -0.26335
51 343 0.0229266
51 344 -0.0612904
51 345 -0.1709
51 409 -0.1926
51 410 -0.108435
51 411 -0.0910325
52 43 0.239033
52 44 -0.03681
52 45 -0.120826
52 46 0.146251
52 47 -0.0283544
52 48 0.138772
52 49 -0.00787244
52 50 0.0123027
52 51 -0.196175
52 52 3.99177
52 53 -0.189222
52 54 -0.572738
52 61 -0.795231
52 62 -0.0622729
52 63 0.300966
52 64 -0.135102
52 65 0.163616
52 66 -0.285158
52 67 -0.0439254
52 68 0.00336952
52 69 -0.000924147
52 118 0.230363
52 119 -0.0271004
52 120 0.145477
52 130 -1.41806
52 131 0.444622
52 132 0.317979
52 193 -1.43761
52 194 -0.28823
52 195 0.282551
52 340 -0.813823
52 341 0.0707951
52 342 0.277145
52 409 0.176885
52 410 -0.0203611
52 411 -0.276225
52 415 0.0127701
52 416 -0.0033144
52 417 -0.00079946
53 43 -0.0647984
53 44 0.0922962
53 45 -0.0647984
53 46 0.0125669
53 47 0.0484758
53 48 -0.0634506
53 49 0.0529212
53 50 -0.0550237
53 51 0.0529212
53 52 -0.189222
53 53 0.966713
53 54 -0.189222
53 61 -0.0378453
53 62 -0.0800688
53 63 0.361204
53 64 0.125112
53 65 -0.0365022
53 66 0.125112
53 67 0.00333598
53 68 -0.0409287
53 69 0.00333598
53 118 -0.0634506
53 119 0.0484758
53 120 0.0125669
53 130 0.361204
53 131 -0.0800688
53 132 -0.0378453
53 193 -0.210011
53 194 -0.0448928
53 195 0.0458947
53 340 0.0458947
53 341 -0.0448928
53 342 -0.210011
53 409 0.00658387
53 410 0.0110985
53 411 0.00658387
53 415 -0.00325142
53 416 0.01558
53 417 -0.00325142
54 43 -0.120826
54 44 -0.03681
54 45 0.239033
54 46 0.145477
54 47 -0.0271004
54 48 0.230363
54 49 -0.196175
54 50 0.0123027
54 51 -0.00787244
54 52 -0.572738
54 53 -0.189222
54 54 3.99177
54 61 0.317979
54 62 0.444622
54 63 -1.41806
54 64 -0.285158
54 65 0.163616
54 66 -0.135102
54 67 -0.000924147
54 68 0.00336952
54 69 -0.0439254
54 118 0.138772
54 119 -0.0283544
54 120 0.146251
54 130 0.300966
54 131 -0.0622729
54 132 -0.795231
54 193 0.277145
54 194 0.0707951
54 195 -0.813823
54 340 0.282551
54 341 -0.28823
54 342 -1.43761
54 409 -0.276225
54 410 -0.0203611
54 411 0.176885
54 415 -0.00079946
54 416 -0.0033144
54 417 0.0127701
55 19 -5.50029e-05
55 20 -0.00680875
55 21 0.0121966
55 25 -0.0838572
55 26 0.0176399
55 27 -0.00951233
55 43 -0.0645249
55 44 0.00705807
55 45 0.00875481
55 46 0.00618837
55 47 0.00367433
55 48 -0.00734755
55 55 0.160491
55 56 -0.0125268
55 57 -0.00294191
55 58 -0.0333441
55 59 0.000449392
55 60 0.000241937
55 61 0.0107498
55 62 -0.00455552
55 63 -0.00959566
55 64 0.00572119
55 65 -0.00418889
55 66 0.00859819
56 19 -0.00675698
56 20 0.0037116
56 21 0.00933484
56 25 0.0175141
56 26 -0.0535351
56 27 0.0528293
56 43 0.00682103
56 44 -0.0260648
56 45 0.054693
56 46 0.00389223
56 47 0.00800216
56 48 0.00289473
56 55 -0.0125268
56 56 0.0863057
56 57 -0.0691131
56 58 0.000674327
56 59 -0.00166689
56 60 0.00748687
56 61 -0.00260243
56 62 -0.019566
56 63 -0.0164826
56 64 -0.00627368
56 65 0.00942444
56 66 -0.0387629
57 19 0.0128838
57 20 0.00987176
57 21 -0.00748983
57 25 -0.010312
57 26 0.0551087
57 27 -0.113467
57 43 0.00904676
57 44 0.0533045
57 45 -0.109427
57 46 -0.00747848
57 47 0.00272001
57 48 0.00407496
57 55 -0.00294191
57 56 -0.0691131
57 57 0.180988
57 58 0.000413348
57 59 0.00748533
57 60 -0.0113867
57 61 -0.00839264
57 62 -0.0170248
57 63 0.00135287
57 64 0.00717515
57 65 -0.0394723
57 66 0.058129
58 19 -0.10049
58 20 -0.0108312
58 21 -0.00268425
58 46 -0.0749558
58 47 -0.0107324
58 48 -0.00140726
58 55 -0.0333441
58 56 0.000674327
58 57 0.000413348
58 58 0.175943
58 59 0.0114031
58 60 0.00228663
58 61 0.0643442
58 62 0.0174008
58 63 0.00630952
58 205 -0.0299058
58 206 -0.0086564
58 207 -0.00531205
59 19 -0.0107571
59 20 -0.0584972
59 21 0.0752325
59 46 -0.0107133
59 47 -0.025685
59 48 0.0697876
59 55 0.000449392
59 56 -0.00166689
59 57 0.00748533
59 58 0.0114031
59 59 0.0923562
59 60 -0.0820586
59 61 0.0148601
59 62 0.00124716
59 63 -0.0741639
59 205 -0.00598395
59 206 7.18067e-05
59 207 0.00713156
60 19 -0.00257181
60 20 0.0784953
60 21 -0.145006
60 46 -0.0015683
60 47 0.0679792
60 48 -0.131201
60 55 0.000241937
60 56 0.00748687
60 57 -0.0113867
60 58 0.00228663
60 59 -0.0820586
60 60 0.20485
60 61 0.00442745
60 62 -0.0758029
60 63 0.0955843
60 205 -0.00320997
60 206 0.0073147
60 207 -0.0095548
61 19 -0.646408
61 20 -0.243956
61 21 0.255999
61 25 -0.0204066
61 26 0.220785
61 27 -0.247001
61 37 -0.489107
61 38 0.162259
61 39 -0.0835141
61 43 0.0517706
61 44 -0.047684
61 45 0.153733
61 46 -0.204873
61 47 0.0568445
61 48 -0.153872
61 52 -0.795231
61 53 -0.0378453
61 54 0.317979
61 55 0.0107498
61 56 -0.00260243
61 57 -0.00839264
61 58 0.0643442
61 59 0.0148601
61 60 0.00442745
61 61 4.85163
61 62 0.00533745
61 63 -0.374594
61 64 -1.33297
61 65 0.257316
61 66 0.329645
61 67 -0.0141307
61 68 5.91047e-05
61 69 0.00111239
61 166 -0.177559
61 167 -0.132314
61 168 0.0935289
61 193 -0.108681
61 194 0.0366285
61 195 -0.308785
61 205 -1.04791
61 206 -0.283057
61 207 0.0264398
61 208 0.00718689
61 209 -0.00275472
61 210 -0.00130577
62 19 -0.211452
62 20 -0.459445
62 21 0.629137
62 25 0.185692
62 26 -0.0625389
62 27 0.103513
62 37 0.144882
62 38 -0.359792
62 39 0.368096
62 43 -0.0719011
62 44 0.0258947
62 45 0.0535771
62 46 0.0785112
62 47 -0.0959266
62 48 0.155656
62 52 -0.0622729
62 53 -0.0800688
62 54 0.444622
62 55 -0.00455552
62 56 -0.019566
62 57 -0.0170248
62 58 0.0174008
62 59 0.00124716
62 60 -0.0758029
62 61 0.00533745
62 62 1.98212
62 63 -1.77459
62 64 0.174107
62 65 -0.064358
62 66 0.128264
62 67 0.000119666
62 68 -0.0121251
62 69 -0.00154903
62 166 -0.119412
62 167 -0.100739
62 168 0.141422
62 193 0.0583948
62 194 0.0210405
62 195 0.062318
62 205 -0.188143
62 206 -0.0804907
62 207 0.0659227
62 208 -0.00283152
62 209 0.0123512
62 210 0.00111234
63 19 0.279931
63 20 0.730018
63 21 -0.890151
63 25 -0.263174
63 26 0.15386
63 27 -0.0483509
63 37 -0.0840015
63 38 0.404331
63 39 -0.479462
63 43 0.151559
63 44 0.0196001
63 45 -0.103798
63 46 -0.152232
63 47 0.0981047
63 48 -0.433075
63 52 0.300966
63 53 0.361204
63 54 -1.41806
63 55 -0.00959566
63 56 -0.0164826
63 57 0.00135287
63 58 0.00630952
63 59 -0.0741639
63 60 0.0955843
63 61 -0.374594
63 62 -1.77459
63 63 4.4679
63 64 0.270154
63 65 0.11203
63 66 -0.360317
63 67 0.000900293
63 68 -0.00147404
63 69 -0.0107071
63 166 0.0941115
63 167 0.154788
63 168 -0.162784
63 193 -0.282266
63 194 0.0240122
63 195 -0.240419
63 205 0.0682675
63 206 0.0921649
63 207 -0.141543
63 208 -0.000936341
63 209 0.00127071
63 210 0.0106118
64 25 -0.530819
64 26 -0.0164469
64 27 0.335316
64 31 0.0270151
64 32 0.0772365
64 33 -0.113279
64 34 -0.529644
64 35 0.474219
64 36 -0.0981168
64 37 0.0316688
64 38 -0.0949169
64 39 0.105195
64 43 -0.404238
64 44 0.153704
64 45 -0.158661
64 52 -0.135102
64 53 0.125112
64 54 -0.285158
64 55 0.00572119
64 56 -0.00627368
64 57 0.00717515
64 61 -1.33297
64 62 0.174107
64 63 0.270154
64 64 4.42199
64 65 -1.38514
64 66 -0.794337
64 67 -0.0271414
64 68 -0.00180708
64 69 -0.00118463
64 121 0.058129
64 122 -0.0387629
64 123 0.00859819
64 130 -0.360317
64 131 0.128264
64 132 0.329645
64 133 -0.880548
64 134 0.533058
64 135 0.374932
64 136 -0.131008
64 137 0.0738241
64 138 0.113521
65 25 -0.00429294
65 26 -0.323216
65 27 0.463355
65 31 0.063216
65 32 -0.0864965
65 33 0.063216
65 34 0.417347
65 35 -0.622597
65 36 0.417347
65 37 -0.085708
65 38 0.0193282
65 39 0.0531141
65 43 0.186773
65 44 -0.139683
65 45 0.186773
65 52 0.163616
65 53 -0.0365022
65 54 0.163616
65 55 -0.00418889
65 56 0.00942444
65 57 -0.0394723
65 61 0.257316
65 62 -0.064358
65 63 0.11203
65 64 -1.38514
65 65 2.16735
65 66 -1.38514
65 67 -0.00178846
65 68 -0.0304405
65 69 -0.00178846
65 121 -0.0394723
65 122 0.00942444
65 123 -0.00418889
65 130 0.11203
65 131 -0.064358
65 132 0.257316
65 133 0.463355
65 134 -0.323216
65 135 -0.00429294
65 136 0.0531141
65 137 0.0193282
65 138 -0.085708
66 25 0.374932
66 26 0.533058
66 27 -0.880548
66 31 -0.113279
66 32 0.0772365
66 33 0.0270151
66 34 -0.0981168
66 35 0.474219
66 36 -0.529644
66 37 0.113521
66 38 0.0738241
66 39 -0.131008
66 43 -0.158661
66 44 0.153704
66 45 -0.404238
66 52 -0.285158
66 53 0.125112
66 54 -0.135102
66 55 0.00859819
66 56 -0.0387629
66 57 0.058129
66 61 0.329645
66 62 0.128264
66 63 -0.360317
66 64 -0.794337
66 65 -1.38514
66 66 4.42199
66 67 -0.00118463
66 68 -0.00180708
66 69 -0.0271414
66 121 0.00717515
66 122 -0.00627368
66 123 0.00572119
66 130 0.270154
66 131 0.174107
66 132 -1.33297
66 133 0.335316
66 134 -0.0164469
66 135 -0.530819
66 136 0.105195
66 137 -0.0949169
66 138 0.0316688
67 34 0.0130788
67 35 0.000582022
67 36 -0.000913177
67 37 -0.000672001
67 38 0.00101982
67 39 0.00116647
67 52 -0.0439254
67 53 0.00333598
67 54 -0.000924147
67 61 -0.0141307
67 62 0.000119666
67 63 0.000900293
67 64 -0.0271414
67 65 -0.00178846
67 66 -0.00118463
67 67 0.0872468
67 68 -0.00428401
67 69 -0.00137315
67 130 -0.0107071
67 131 -0.00154903
67 132 0.00111239
67 136 -0.00368788
67 137 0.00262452
67 138 0.00124508
68 34 0.000573576
68 35 0.01273
68 36 0.000573576
68 37 0.00098447
68 38 0.00091863
68 39 0.00263896
68 52 0.00336952
68 53 -0.0409287
68 54 0.00336952
68 61 5.91047e-05
68 62 -0.0121251
68 63 -0.00147404
68 64 -0.00180708
68 65 -0.0304405
68 66 -0.00180708
68 67 -0.00428401
68 68 0.0812096
68 69 -0.00428401
68 130 -0.00147404
68 131 -0.0121251
68 132 5.91047e-05
68 136 0.00263896
68 137 0.00091863
68 138 0.00098447
69 34 -0.000913177
69 35 0.000582022
69 36 0.0130788
69 37 0.00124508
69 38 0.00262452
69 39 -0.00368788
69 52 -0.000924147
69 53 0.00333598
69 54 -0.0439254
69 61 0.00111239
69 62 -0.00154903
69 63 -0.0107071
69 64 -0.00118463
69 65 -0.00178846
69 66 -0.0271414
69 67 -0.00137315
69 68 -0.00428401
69 69 0.0872468
69 130 0.000900293
69 131 0.000119666
69 132 -0.0141307
69 136 0.00116647
69 137 0.00101982
69 138 -0.000672001
70 1 -0.227017
70 2 0.0132376
70 3 0.0517393
70 7 -0.676716
70 8 0.0567121
70 9 0.0436884
70 10 0.230363
70 11 0.138772
70 12 -0.0634506
70 70 1.45826
70 71 -0.0192538
70 72 -0.264349
70 73 0.00407496
70 74 -0.00734755
70 75 0.00289473
70 76 -0.131201
70 77 -0.00140726
70 78 0.0697876
70 82 -0.433075
70 83 -0.153872
70 84 0.155656
70 220 0.175228
70 221 -0.158282
70 222 -0.114306
70 223 0.00019478
70 224 -0.015401
70 225 -0.00672911
70 226 -0.075992
70 227 -0.00828057
70 228 0.00689001
70 232 -0.273149
70 233 0.14864
70 234 0.163482
71 1 0.0150686
71 2 -0.490288
71 3 0.0347254
71 7 0.0534312
71 8 -0.322136
71 9 -0.0475021
71 10 0.145477
71 11 0.146251
71 12 0.0125669
71 70 -0.0192538
71 71 1.35896
71 72 0.120612
71 73 -0.00747848
71 74 0.00618837
71 75 0.00389223
71 76 -0.0015683
71 77 -0.0749558
71 78 -0.0107133
71 82 -0.152232
71 83 -0.204873
71 84 0.0785112
71 220 -0.172707
71 221 0.0413018
71 222 -0.00953946
71 223 -0.0155443
71 224 0.00580874
71 225 0.00430168
71 226 -0.00738231
71 227 -0.120698
71 228 -0.044487
71 232 0.155708
71 233 -0.299732
71 234 -0.17141
72 1 0.051991
72 2 0.0215878
72 3 -0.0169507
72 7 0.0639361
72 8 -0.050617
72 9 -0.00719659
72 10 -0.0271004
72 11 -0.0283544
72 12 0.0484758
72 70 -0.264349
72 71 0.120612
72 72 0.311853
72 73 0.00272001
72 74 0.00367433
72 75 0.00800216
72 76 0.0679792
72 77 -0.0107324
72 78 -0.025685
72 82 0.0981047
72 83 0.0568445
72 84 -0.0959266
72 220 -0.0860004
72 221 0.035513
72 222 0.105656
72 223 -0.00607244
72 224 0.00466908
72 225 -0.000703659
72 226 0.00741633
72 227 -0.0417612
72 228 -0.0320328
72 232 0.136679
72 233 -0.140478
72 234 -0.0590304
73 1 -0.109427
73 2 0.00904676
73 3 0.0533045
73 28 0.058129
73 29 0.00717515
73 30 -0.0394723
73 70 0.00407496
73 71 -0.00747848
73 72 0.00272001
73 73 0.180988
73 74 -0.00294191
73 75 -0.0691131
73 76 -0.0113867
73 77 0.000413348
73 78 0.00748533
73 79 -0.00748983
73 80 0.0128838
73 81 0.00987176
73 82 0.00135287
73 83 -0.00839264
73 84 -0.0170248
73 85 -0.113467
73 86 -0.010312
73 87 0.0551087
74 1 0.00875481
74 2 -0.0645249
74 3 0.00705807
74 28 0.00859819
74 29 0.00572119
74 30 -0.00418889
74 70 -0.00734755
74 71 0.00618837
74 72 0.00367433
74 73 -0.00294191
74 74 0.160491
74 75 -0.0125268
74 76 0.000241937
74 77 -0.0333441
74 78 0.000449392
74 79 0.0121966
74 80 -5.50029e-05
74 81 -0.00680875
74 82 -0.00959566
74 83 0.0107498
74 84 -0.00455552
74 85 -0.00951233
74 86 -0.0838572
74 87 0.0176399
75 1 0.054693
75 2 0.00682103
75 3 -0.0260648
75 28 -0.0387629
75 29 -0.00627368
75 30 0.00942444
75 70 0.00289473
75 71 0.00389223
75 72 0.00800216
75 73 -0.0691131
75 74 -0.0125268
75 75 0.0863057
75 76 0.00748687
75 77 0.000674327
75 78 -0.00166689
75 79 0.00933484
75 80 -0.00675698
75 81 0.0037116
75 82 -0.0164826
75 83 -0.00260243
75 84 -0.019566
75 85 0.0528293
75 86 0.0175141
75 87 -0.0535351
76 70 -0.131201
76 71 -0.0015683
76 72 0.0679792
76 73 -0.0113867
76 74 0.000241937
76 75 0.00748687
76 76 0.20485
76 77 0.00228663
76 78 -0.0820586
76 79 -0.145006
76 80 -0.00257181
76 81 0.0784953
76 82 0.0955843
76 83 0.00442745
76 84 -0.0758029
76 232 -0.0095548
76 233 -0.00320997
76 234 0.0073147
77 70 -0.00140726
77 71 -0.0749558
77 72 -0.0107324
77 73 0.000413348
77 74 -0.0333441
77 75 0.000674327
77 76 0.00228663
77 77 0.175943
77 78 0.0114031
77 79 -0.00268425
77 80 -0.10049
77 81 -0.0108312
77 82 0.00630952
77 83 0.0643442
77 84 0.0174008
77 232 -0.00531205
77 233 -0.0299058
77 234 -0.0086564
78 70 0.0697876
78 71 -0.0107133
78 72 -0.025685
78 73 0.00748533
78 74 0.000449392
78 75 -0.00166689
78 76 -0.0820586
78 77 0.0114031
78 78 0.0923562
78 79 0.0752325
78 80 -0.0107571
78 81 -0.0584972
78 82 -0.0741639
78 83 0.0148601
78 84 0.00124716
78 232 0.00713156
78 233 -0.00598395
