%%MatrixMarket matrix coordinate real general
51 51 475
1 1 0.163834
1 2 0.0122359
1 3 0.0190078
1 4 -0.129366
1 5 0.00849527
1 6 -0.0949382
1 12 0.0122359
1 13 0.00849527
2 1 0.0122359
2 2 0.165014
2 3 0.0225899
2 4 -0.125338
2 5 -0.0960406
2 21 0.0215381
3 1 0.0190078
3 2 0.0225899
3 3 0.45085
3 4 -0.61783
3 12 0.0225899
3 21 0.0342101
3 26 0.0342101
3 31 0.0343724
4 1 -0.129366
4 2 -0.125338
4 3 -0.61783
4 4 1.54688
4 5 0.0392006
4 6 0.0660259
4 7 -0.277564
4 12 -0.125338
4 13 0.0392006
4 21 -0.300916
4 22 0.157278
4 26 -0.300916
4 27 0.157278
4 31 -0.195411
4 32 0.0668165
5 1 0.00849527
5 2 -0.0960406
5 4 0.0392006
5 5 0.315766
5 6 -0.0106713
5 7 -0.134654
5 8 0.00849527
5 9 -0.0960406
5 11 0.0392006
5 21 0.00546767
5 22 0.0668192
5 23 -0.151506
5 25 0.00546767
6 1 -0.0949382
6 4 0.0660259
6 5 -0.0106713
6 6 0.248219
6 7 -0.129468
6 8 -0.0949382
6 11 0.0660259
6 13 -0.0106713
6 14 -0.0949382
6 17 0.0660259
6 19 -0.0106713
7 4 -0.277564
7 5 -0.134654
7 6 -0.129468
7 7 2.73225
7 11 -0.277564
7 13 -0.134654
7 17 -0.277564
7 19 -0.134654
7 22 -0.277566
7 27 -0.277566
7 32 -0.134655
7 36 -0.277566
7 41 -0.134655
7 45 -0.134655
7 48 -0.129472
8 5 0.00849527
8 6 -0.0949382
8 8 0.163834
8 9 0.0122359
8 10 0.0190078
8 11 -0.129366
8 18 0.0122359
8 19 0.00849527
9 5 -0.0960406
9 8 0.0122359
9 9 0.165014
9 10 0.0225899
9 11 -0.125338
9 25 0.0215381
10 8 0.0190078
10 9 0.0225899
10 10 0.45085
10 11 -0.61783
10 18 0.0225899
10 25 0.0342101
10 35 0.0342101
10 40 0.0343724
11 5 0.0392006
11 6 0.0660259
11 7 -0.277564
11 8 -0.129366
11 9 -0.125338
11 10 -0.61783
11 11 1.54688
11 18 -0.125338
11 19 0.0392006
11 22 0.157278
11 25 -0.300916
11 35 -0.300916
11 36 0.157278
11 40 -0.195411
11 41 0.0668165
12 1 0.0122359
12 3 0.0225899
12 4 -0.125338
12 12 0.165014
12 13 -0.0960406
12 26 0.0215381
13 1 0.00849527
13 4 0.0392006
13 6 -0.0106713
13 7 -0.134654
13 12 -0.0960406
13 13 0.315766
13 14 0.00849527
13 15 -0.0960406
13 17 0.0392006
13 26 0.00546767
13 27 0.0668192
13 28 -0.151506
13 30 0.00546767
14 6 -0.0949382
14 13 0.00849527
14 14 0.163834
14 15 0.0122359
14 16 0.0190078
14 17 -0.129366
14 19 0.00849527
14 20 0.0122359
15 13 -0.0960406
15 14 0.0122359
15 15 0.165014
15 16 0.0225899
15 17 -0.125338
15 30 0.0215381
16 14 0.0190078
16 15 0.0225899
16 16 0.45085
16 17 -0.61783
16 20 0.0225899
16 30 0.0342101
16 39 0.0342101
16 44 0.0343724
17 6 0.0660259
17 7 -0.277564
17 13 0.0392006
17 14 -0.129366
17 15 -0.125338
17 16 -0.61783
17 17 1.54688
17 19 0.0392006
17 20 -0.125338
17 27 0.157278
17 30 -0.300916
17 36 0.157278
17 39 -0.300916
17 44 -0.195411
17 45 0.0668165
18 8 0.0122359
18 10 0.0225899
18 11 -0.125338
18 18 0.165014
18 19 -0.0960406
18 35 0.0215381
19 6 -0.0106713
19 7 -0.134654
19 8 0.00849527
19 11 0.0392006
19 14 0.00849527
19 17 0.0392006
19 18 -0.0960406
19 19 0.315766
19 20 -0.0960406
19 35 0.00546767
19 36 0.0668192
19 37 -0.151506
19 39 0.00546767
20 14 0.0122359
20 16 0.0225899
20 17 -0.125338
20 19 -0.0960406
20 20 0.165014
20 39 0.0215381
21 2 0.0215381
21 3 0.0342101
21 4 -0.300916
21 5 0.00546767
21 21 0.426909
21 22 -0.300912
21 23 0.0262438
21 24 0.0342093
21 31 0.0262439
21 32 0.00546999
21 33 0.0215371
22 4 0.157278
22 5 0.0668192
22 7 -0.277566
22 11 0.157278
22 21 -0.300912
22 22 1.54687
22 23 -0.195407
22 24 -0.617827
22 25 -0.300912
22 32 0.0391996
22 33 -0.125338
22 41 0.0391996
22 42 -0.125338
22 48 0.066026
22 49 -0.129368
23 5 -0.151506
23 21 0.0262438
23 22 -0.195407
23 23 0.260054
23 24 0.0343708
23 25 0.0262438
24 21 0.0342093
24 22 -0.617827
24 23 0.0343708
24 24 0.450848
24 25 0.0342093
24 33 0.0225903
24 42 0.0225903
24 49 0.0190085
25 5 0.00546767
25 9 0.0215381
25 10 0.0342101
25 11 -0.300916
25 22 -0.300912
25 23 0.0262438
25 24 0.0342093
25 25 0.426909
25 40 0.0262439
25 41 0.00546999
25 42 0.0215371
26 3 0.0342101
26 4 -0.300916
26 12 0.0215381
26 13 0.00546767
26 26 0.426909
26 27 -0.300912
26 28 0.0262438
26 29 0.0342093
26 31 0.0262439
26 32 0.00546999
26 34 0.0215371
27 4 0.157278
27 7 -0.277566
27 13 0.0668192
27 17 0.157278
27 26 -0.300912
27 27 1.54687
27 28 -0.195407
27 29 -0.617827
27 30 -0.300912
27 32 0.0391996
27 34 -0.125338
27 45 0.0391996
27 46 -0.125338
27 48 0.066026
27 50 -0.129368
28 13 -0.151506
28 26 0.0262438
28 27 -0.195407
28 28 0.260054
28 29 0.0343708
28 30 0.0262438
29 26 0.0342093
29 27 -0.617827
29 28 0.0343708
29 29 0.450848
29 30 0.0342093
29 34 0.0225903
29 46 0.0225903
29 50 0.0190085
30 13 0.00546767
30 15 0.0215381
30 16 0.0342101
30 17 -0.300916
30 27 -0.300912
30 28 0.0262438
30 29 0.0342093
30 30 0.426909
30 44 0.0262439
30 45 0.00546999
30 46 0.0215371
31 3 0.0343724
31 4 -0.195411
31 21 0.0262439
31 26 0.0262439
31 31 0.260053
31 32 -0.151503
32 4 0.0668165
32 7 -0.134655
32 21 0.00546999
32 22 0.0391996
32 26 0.00546999
32 27 0.0391996
32 31 -0.151503
32 32 0.315762
32 33 -0.0960393
32 34 -0.0960393
32 48 -0.0106704
32 49 0.0084948
32 50 0.0084948
33 21 0.0215371
33 22 -0.125338
33 24 0.0225903
33 32 -0.0960393
33 33 0.165013
33 49 0.0122364
34 26 0.0215371
34 27 -0.125338
34 29 0.0225903
34 32 -0.0960393
34 34 0.165013
34 50 0.0122364
35 10 0.0342101
35 11 -0.300916
35 18 0.0215381
35 19 0.00546767
35 35 0.426909
35 36 -0.300912
35 37 0.0262438
35 38 0.0342093
35 40 0.0262439
35 41 0.00546999
35 43 0.0215371
36 7 -0.277566
36 11 0.157278
36 17 0.157278
36 19 0.0668192
36 35 -0.300912
36 36 1.54687
36 37 -0.195407
36 38 -0.617827
36 39 -0.300912
36 41 0.0391996
36 43 -0.125338
36 45 0.0391996
36 47 -0.125338
36 48 0.066026
36 51 -0.129368
37 19 -0.151506
37 35 0.0262438
37 36 -0.195407
37 37 0.260054
37 38 0.0343708
37 39 0.0262438
38 35 0.0342093
38 36 -0.617827
38 37 0.0343708
38 38 0.450848
38 39 0.0342093
38 43 0.0225903
38 47 0.0225903
38 51 0.0190085
39 16 0.0342101
39 17 -0.300916
39 19 0.00546767
39 20 0.0215381
39 36 -0.300912
39 37 0.0262438
39 38 0.0342093
39 39 0.426909
39 44 0.0262439
39 45 0.00546999
39 47 0.0215371
40 10 0.0343724
40 11 -0.195411
40 25 0.0262439
40 35 0.0262439
40 40 0.260053
40 41 -0.151503
41 7 -0.134655
41 11 0.0668165
41 22 0.0391996
41 25 0.00546999
41 35 0.00546999
41 36 0.0391996
41 40 -0.151503
41 41 0.315762
41 42 -0.0960393
41 43 -0.0960393
41 48 -0.0106704
41 49 0.0084948
41 51 0.0084948
42 22 -0.125338
42 24 0.0225903
42 25 0.0215371
42 41 -0.0960393
42 42 0.165013
42 49 0.0122364
43 35 0.0215371
43 36 -0.125338
43 38 0.0225903
43 41 -0.0960393
43 43 0.165013
43 51 0.0122364
44 16 0.0343724
44 17 -0.195411
44 30 0.0262439
44 39 0.0262439
44 44 0.260053
44 45 -0.151503
45 7 -0.134655
45 17 0.0668165
45 27 0.0391996
45 30 0.00546999
45 36 0.0391996
45 39 0.00546999
45 44 -0.151503
45 45 0.315762
45 46 -0.0960393
45 47 -0.0960393
45 48 -0.0106704
45 50 0.0084948
45 51 0.0084948
46 27 -0.125338
46 29 0.0225903
46 30 0.0215371
46 45 -0.0960393
46 46 0.165013
46 50 0.0122364
47 36 -0.125338
47 38 0.0225903
47 39 0.0215371
47 45 -0.0960393
47 47 0.165013
47 51 0.0122364
48 7 -0.129472
48 22 0.066026
48 27 0.066026
48 32 -0.0106704
48 36 0.066026
48 41 -0.0106704
48 45 -0.0106704
48 48 0.248216
48 49 -0.0949367
48 50 -0.0949367
48 51 -0.0949367
49 22 -0.129368
49 24 0.0190085
49 32 0.0084948
49 33 0.0122364
49 41 0.0084948
49 42 0.0122364
49 48 -0.0949367
49 49 0.163834
50 27 -0.129368
50 29 0.0190085
50 32 0.0084948
50 34 0.0122364
50 45 0.0084948
50 46 0.0122364
50 48 -0.0949367
50 50 0.163834
51 36 -0.129368
51 38 0.0190085
51 41 0.0084948
51 43 0.0122364
51 45 0.0084948
51 47 0.0122364
51 48 -0.0949367
51 51 0.163834
