%%MatrixMarket matrix coordinate real general
165 165 4815
1 1 0.16771
1 2 -0.00113663
1 3 -6.82963e-05
1 4 -0.00509306
1 5 0.000719417
1 6 0.000566641
1 7 0.00395757
1 8 0.000814314
1 9 -0.00129563
1 10 -0.0519781
1 11 0.0195634
1 12 -0.0151836
1 13 -0.00144433
1 14 -0.000108665
1 15 7.37418e-06
1 16 -0.0398974
1 17 -7.75636e-05
1 18 7.29565e-05
1 37 0.00110609
1 38 2.15023e-05
1 39 1.46732e-05
1 43 -0.0542651
1 44 -0.000951474
1 45 0.00019951
1 46 -0.0191683
1 47 -0.0188766
1 48 0.0156545
2 1 -0.00113663
2 2 0.168556
2 3 -0.0178748
2 4 0.000509049
2 5 -0.00486436
2 6 0.000145114
2 7 -0.00067199
2 8 0.00176162
2 9 0.000903635
2 10 -0.00048218
2 11 -0.0435723
2 12 9.37188e-05
2 13 -0.000112349
2 14 -0.00162866
2 15 -4.6647e-06
2 16 -0.000179081
2 17 -0.0358203
2 18 0.000801302
2 37 2.2007e-05
2 38 0.00105418
2 39 -1.45442e-06
2 43 0.00288794
2 44 -0.0596836
2 45 0.0376399
2 46 -0.000869084
2 47 -0.0240211
2 48 -0.0213096
3 1 -6.82963e-05
3 2 -0.0178748
3 3 0.165666
3 4 0.000758959
3 5 -0.000156128
3 6 -0.00524584
3 7 -0.000550434
3 8 0.000208745
3 9 0.00330246
3 10 -0.0014778
3 11 0.00194869
3 12 -0.045631
3 13 5.22277e-05
3 14 -8.44599e-05
3 15 -0.00156131
3 16 0.00142836
3 17 0.00104551
3 18 -0.0434475
3 37 1.5691e-05
3 38 -2.54757e-06
3 39 0.00106174
3 43 -0.00183422
3 44 0.03776
3 45 -0.0474507
3 46 0.00164367
3 47 -0.0224519
3 48 -0.0253454
4 1 -0.00509306
4 2 0.000509049
4 3 0.000758959
4 4 0.243419
4 5 -0.000377358
4 6 -0.00215569
4 7 -0.0863046
4 8 -0.000268271
4 9 0.00187933
4 10 -0.103643
4 11 -0.03481
4 12 0.027419
4 13 -0.0391689
4 14 0.000102951
4 15 6.19667e-05
4 61 0.024031
4 62 -3.78572e-05
4 63 1.90988e-05
4 67 0.0156456
4 68 1.21712e-05
4 69 -0.000235754
4 70 0.0168818
4 71 0.0347534
4 72 -0.0277828
4 73 -0.0634476
4 74 0.000138116
4 75 9.27386e-05
5 1 0.000719417
5 2 -0.00486436
5 3 -0.000156128
5 4 -0.000377358
5 5 0.249968
5 6 -0.0206949
5 7 -0.00488794
5 8 -0.11077
5 9 0.0543548
5 10 0.00540125
5 11 -0.0778954
5 12 -0.0328071
5 13 3.59506e-05
5 14 -0.0412465
5 15 0.000452343
5 61 -5.02722e-05
5 62 0.0239644
5 63 -1.93184e-06
5 67 -0.000182184
5 68 0.0154696
5 69 0.000112918
5 70 -0.000768363
5 71 0.0123399
5 72 -0.000443709
5 73 0.000131669
5 74 -0.0631542
5 75 2.42707e-05
6 1 0.000566641
6 2 0.000145114
6 3 -0.00524584
6 4 -0.00215569
6 5 -0.0206949
6 6 0.234728
6 7 0.00304228
6 8 0.0522712
6 9 -0.0627897
6 10 0.00103735
6 11 -0.0308117
6 12 -0.112147
6 13 -0.000786208
6 14 0.000783573
6 15 -0.0363452
6 61 0.000109188
6 62 -5.9794e-05
6 63 0.0239519
6 67 -0.000223557
6 68 -2.41787e-05
6 69 0.0153996
6 70 -0.00161313
6 71 -0.00079568
6 72 0.00972411
6 73 7.99865e-05
6 74 2.68716e-05
6 75 -0.063197
7 1 0.00395757
7 2 -0.00067199
7 3 -0.000550434
7 4 -0.0863046
7 5 -0.00488794
7 6 0.00304228
7 7 0.58083
7 8 -0.0133207
7 9 -0.0084168
7 10 -0.528702
7 11 0.193187
7 12 -0.0210384
7 43 -0.00389293
7 44 0.00739574
7 45 0.000969157
7 67 -0.112233
7 68 6.87457e-05
7 69 0.000495452
7 70 0.149776
7 71 -0.180041
7 72 0.0273408
7 121 0.0485002
7 122 0.000526168
7 123 9.93398e-05
7 130 -0.0335724
7 131 -0.00170813
7 132 -0.00254018
8 1 0.000814314
8 2 0.00176162
8 3 0.000208745
8 4 -0.000268271
8 5 -0.11077
8 6 0.0522712
8 7 -0.0133207
8 8 0.694445
8 9 -0.120874
8 10 0.0154861
8 11 -0.60349
8 12 0.059643
8 43 0.00393376
8 44 -0.00172519
8 45 0.000724562
8 67 0.000780235
8 68 -0.112194
8 69 -0.000168084
8 70 -0.0139687
8 71 0.127223
8 72 0.0452015
8 121 0.000907678
8 122 0.0470129
8 123 0.000119652
8 130 0.00618364
8 131 -0.0158732
8 132 -0.037977
9 1 -0.00129563
9 2 0.000903635
9 3 0.00330246
9 4 0.00187933
9 5 0.0543548
9 6 -0.0627897
9 7 -0.0084168
9 8 -0.120874
9 9 0.471216
9 10 -0.00261212
9 11 0.067316
9 12 -0.430225
9 43 0.00278519
9 44 -0.00138131
9 45 -0.000661912
9 67 0.000472795
9 68 5.13869e-05
9 69 -0.111834
9 70 -0.00347199
9 71 0.0470639
9 72 0.176445
9 121 0.00256719
9 122 -0.00476239
9 123 0.0475517
9 130 0.00749327
9 131 -0.0435224
9 132 -0.0596524
10 1 -0.0519781
10 2 -0.00048218
10 3 -0.0014778
10 4 -0.103643
10 5 0.00540125
10 6 0.00103735
10 7 -0.528702
10 8 0.0154861
10 9 -0.00261212
10 10 4.4813
10 11 -0.0504177
10 12 -0.278656
10 13 -0.595135
10 14 -0.0375183
10 15 0.00720002
10 16 -0.0430403
10 17 -0.000814178
10 18 -0.00108872
10 19 -0.226468
10 20 0.005474
10 21 0.00020026
10 43 -0.080687
10 44 -0.0116635
10 45 0.0148092
10 46 -0.602668
10 47 -0.00471009
10 48 0.0818822
10 55 -0.0198279
10 56 -0.0887187
10 57 0.0749635
10 70 -1.15791
10 71 0.142266
10 72 0.140203
10 121 -0.598201
10 122 -0.01425
10 123 0.00194575
10 124 -0.0835904
10 125 0.00294838
10 126 -1.87629e-05
10 130 -0.0211454
10 131 0.0109977
10 132 -0.00718297
10 139 0.0351758
10 140 -0.00197689
10 141 -0.0325365
11 1 0.0195634
11 2 -0.0435723
11 3 0.00194869
11 4 -0.03481
11 5 -0.0778954
11 6 -0.0308117
11 7 0.193187
11 8 -0.60349
11 9 0.067316
11 10 -0.0504177
11 11 2.93879
11 12 -0.108811
11 13 -0.0238718
11 14 -0.517043
11 15 -0.0188879
11 16 0.0365728
11 17 -0.025334
11 18 0.0253855
11 19 0.0272233
11 20 -0.210598
11 21 0.0179327
11 43 -0.0611917
11 44 -0.0639449
11 45 0.00116771
11 46 -0.0234615
11 47 0.0976462
11 48 0.059811
11 55 -0.179051
11 56 -0.0198297
11 57 0.0931338
11 70 0.146434
11 71 -0.189604
11 72 -0.140521
11 121 -0.0201794
11 122 -0.460238
11 123 0.0126692
11 124 -0.00142827
11 125 -0.0920992
11 126 -0.00419272
11 130 -0.0417318
11 131 -0.019674
11 132 0.035276
11 139 -0.0148156
11 140 0.0274287
11 141 0.0062362
12 1 -0.0151836
12 2 9.37188e-05
12 3 -0.045631
12 4 0.027419
12 5 -0.0328071
12 6 -0.112147
12 7 -0.0210384
12 8 0.059643
12 9 -0.430225
12 10 -0.278656
12 11 -0.108811
12 12 3.69725
12 13 0.173032
12 14 0.0350115
12 15 -0.83729
12 16 -0.1247
12 17 0.023173
12 18 -0.0663833
12 19 -0.0937311
12 20 0.0186312
12 21 -0.241689
12 43 0.0408209
12 44 0.00428566
12 45 -0.0747328
12 46 0.0923841
12 47 0.0515354
12 48 -0.169164
12 55 0.0931334
12 56 0.0749645
12 57 -0.0163359
12 70 0.208925
12 71 -0.135521
12 72 -0.433125
12 121 0.140065
12 122 0.025894
12 123 -0.756661
12 124 0.0534038
12 125 -0.00550827
12 126 -0.0756617
12 130 -0.162139
12 131 0.0515202
12 132 0.00951135
12 139 -0.135067
12 140 -0.0444525
12 141 0.0389161
13 1 -0.00144433
13 2 -0.000112349
13 3 5.22277e-05
13 4 -0.0391689
13 5 3.59506e-05
13 6 -0.000786208
13 10 -0.595135
13 11 -0.0238718
13 12 0.173032
13 13 0.676718
13 14 0.040601
13 15 0.024272
13 16 -0.0194088
13 17 0.000648732
13 18 0.00112931
13 19 0.0581568
13 20 0.000190251
13 21 0.00186541
13 52 -0.0423217
13 53 -0.000279076
13 54 -1.59611e-05
13 55 0.027432
13 56 -0.00197602
13 57 -0.0444523
13 58 0.00237082
13 59 -0.000199886
13 60 -3.3476e-05
13 61 -0.0785447
13 62 0.000993461
13 63 0.00240179
13 70 0.0302916
13 71 -0.0183665
13 72 -0.157074
14 1 -0.000108665
14 2 -0.00162866
14 3 -8.44599e-05
14 4 0.000102951
14 5 -0.0412465
14 6 0.000783573
14 10 -0.0375183
14 11 -0.517043
14 12 0.0350115
14 13 0.040601
14 14 0.601531
14 15 0.0108892
14 16 0.000740917
14 17 -0.0179875
14 18 -0.000415977
14 19 0.000174825
14 20 0.0585768
14 21 -0.00092624
14 52 -0.000291569
14 53 -0.0427439
14 54 2.02405e-05
14 55 -0.0148176
14 56 0.0351789
14 57 -0.135072
14 58 -0.000246295
14 59 0.00198393
14 60 -7.71373e-06
14 61 0.00459722
14 62 -0.0656418
14 63 -0.00169895
14 70 0.0044293
14 71 0.0100272
14 72 0.0892679
15 1 7.37418e-06
15 2 -4.6647e-06
15 3 -0.00156131
15 4 6.19667e-05
15 5 0.000452343
15 6 -0.0363452
15 10 0.00720002
15 11 -0.0188879
15 12 -0.83729
15 13 0.024272
15 14 0.0108892
15 15 0.935234
15 16 7.37805e-05
15 17 5.41899e-05
15 18 -0.0187543
15 19 0.00018456
15 20 -0.000311539
15 21 0.0592494
15 52 0.000119991
15 53 0.000273701
15 54 -0.04254
15 55 0.00623549
15 56 -0.0325361
15 57 0.0389192
15 58 0.0001818
15 59 0.000424921
15 60 0.0022107
15 61 0.0106209
15 62 -0.00497084
15 63 -0.0594361
15 70 -0.0485679
15 71 0.0423842
15 72 -0.0233146
16 1 -0.0398974
16 2 -0.000179081
16 3 0.00142836
16 10 -0.0430403
16 11 0.0365728
16 12 -0.1247
16 13 -0.0194088
16 14 0.000740917
16 15 7.37805e-05
16 16 0.505755
16 17 0.00742292
16 18 -0.0634956
16 19 0.0356802
16 20 -0.000220511
16 21 -0.0298342
16 22 -0.0358203
16 23 -7.75636e-05
16 24 0.00104551
16 31 -0.025334
16 32 -0.000814178
16 33 0.023173
16 34 -0.0179875
16 35 0.000648732
16 36 5.41899e-05
16 37 -0.0107801
16 38 -2.61259e-05
16 39 -1.27617e-05
16 46 -0.338524
16 47 -0.0442588
16 48 0.193225
17 1 -7.75636e-05
17 2 -0.0358203
17 3 0.00104551
17 10 -0.000814178
17 11 -0.025334
17 12 0.023173
17 13 0.000648732
17 14 -0.0179875
17 15 5.41899e-05
17 16 0.00742292
17 17 0.505755
17 18 -0.0634956
17 19 -0.000220511
17 20 0.0356802
17 21 -0.0298342
17 22 -0.000179081
17 23 -0.0398974
17 24 0.00142836
17 31 0.0365728
17 32 -0.0430403
17 33 -0.1247
17 34 0.000740917
17 35 -0.0194088
17 36 7.37805e-05
17 37 -2.61259e-05
17 38 -0.0107801
17 39 -1.27617e-05
17 46 -0.0442588
17 47 -0.338524
17 48 0.193225
18 1 7.29565e-05
18 2 0.000801302
18 3 -0.0434475
18 10 -0.00108872
18 11 0.0253855
18 12 -0.0663833
18 13 0.00112931
18 14 -0.000415977
18 15 -0.0187543
18 16 -0.0634956
18 17 -0.0634956
18 18 0.825675
18 19 -0.0254856
18 20 -0.0254856
18 21 0.0967692
18 22 0.000801302
18 23 7.29565e-05
18 24 -0.0434475
18 31 0.0253855
18 32 -0.00108872
18 33 -0.0663833
18 34 -0.000415977
18 35 0.00112931
18 36 -0.0187543
18 37 3.05747e-07
18 38 3.05747e-07
18 39 -0.0107881
18 46 0.0640543
18 47 0.0640543
18 48 -0.647391
19 10 -0.226468
19 11 0.0272233
19 12 -0.0937311
19 13 0.0581568
19 14 0.000174825
19 15 0.00018456
19 16 0.0356802
19 17 -0.000220511
19 18 -0.0254856
19 19 1.25464
19 20 0.00452353
19 21 -0.0579587
19 31 -0.210598
19 32 0.005474
19 33 0.0186312
19 34 0.0585768
19 35 0.000190251
19 36 -0.000311539
19 46 -0.0689393
19 47 -0.0345427
19 48 0.120563
19 52 -0.256832
19 53 -0.000591602
19 54 0.0111246
19 55 -0.210593
19 56 0.00547544
19 57 0.0186296
19 79 -0.226463
19 80 0.0272231
19 81 -0.0937303
19 103 -0.0689419
19 104 -0.0345474
19 105 0.120565
19 124 -0.256839
19 125 -0.000588936
19 126 0.0111265
19 139 0.0585753
19 140 0.000190277
19 141 -0.000311408
19 145 0.0581556
19 146 0.000175124
19 147 0.000184457
19 154 0.0356793
19 155 -0.000219833
19 156 -0.0254848
20 10 0.005474
20 11 -0.210598
20 12 0.0186312
20 13 0.000190251
20 14 0.0585768
20 15 -0.000311539
20 16 -0.000220511
20 17 0.0356802
20 18 -0.0254856
20 19 0.00452353
20 20 1.25464
20 21 -0.0579587
20 31 0.0272233
20 32 -0.226468
20 33 -0.0937311
20 34 0.000174825
20 35 0.0581568
20 36 0.00018456
20 46 -0.0345427
20 47 -0.0689393
20 48 0.120563
20 52 -0.000591602
20 53 -0.256832
20 54 0.0111246
20 55 0.0272231
20 56 -0.226463
20 57 -0.0937303
20 79 0.00547544
20 80 -0.210593
20 81 0.0186296
20 103 -0.0345474
20 104 -0.0689419
20 105 0.120565
20 124 -0.000588936
20 125 -0.256839
20 126 0.0111265
20 139 0.000175124
20 140 0.0581556
20 141 0.000184457
20 145 0.000190277
20 146 0.0585753
20 147 -0.000311408
20 154 -0.000219833
20 155 0.0356793
20 156 -0.0254848
21 10 0.00020026
21 11 0.0179327
21 12 -0.241689
21 13 0.00186541
21 14 -0.00092624
21 15 0.0592494
21 16 -0.0298342
21 17 -0.0298342
21 18 0.0967692
21 19 -0.0579587
21 20 -0.0579587
21 21 1.70466
21 31 0.0179327
21 32 0.00020026
21 33 -0.241689
21 34 -0.00092624
21 35 0.00186541
21 36 0.0592494
21 46 0.0298558
21 47 0.0298558
21 48 -0.132098
21 52 0.0118831
21 53 0.0118831
21 54 -0.439615
21 55 0.017932
21 56 0.000200714
21 57 -0.241684
21 79 0.000200714
21 80 0.017932
21 81 -0.241684
21 103 0.0298572
21 104 0.0298572
21 105 -0.132099
21 124 0.0118835
21 125 0.0118835
21 126 -0.439613
21 139 -0.000926004
21 140 0.00186609
21 141 0.059248
21 145 0.00186609
21 146 -0.000926004
21 147 0.059248
21 154 -0.0298358
21 155 -0.0298358
21 156 0.096768
22 16 -0.0358203
22 17 -0.000179081
22 18 0.000801302
22 22 0.168556
22 23 -0.00113663
22 24 -0.0178748
22 25 -0.00486436
22 26 0.000509049
22 27 0.000145114
22 28 0.00176162
22 29 -0.00067199
22 30 0.000903635
22 31 -0.0435723
22 32 -0.00048218
22 33 9.37188e-05
22 34 -0.00162866
22 35 -0.000112349
22 36 -4.6647e-06
22 37 0.00105418
22 38 2.2007e-05
22 39 -1.45442e-06
22 46 -0.0240211
22 47 -0.000869084
22 48 -0.0213096
22 49 -0.0596836
22 50 0.00288794
22 51 0.0376399
23 16 -7.75636e-05
23 17 -0.0398974
23 18 7.29565e-05
23 22 -0.00113663
23 23 0.16771
23 24 -6.82963e-05
23 25 0.000719417
23 26 -0.00509306
23 27 0.000566641
23 28 0.000814314
23 29 0.00395757
23 30 -0.00129563
23 31 0.0195634
23 32 -0.0519781
23 33 -0.0151836
23 34 -0.000108665
23 35 -0.00144433
23 36 7.37418e-06
23 37 2.15023e-05
23 38 0.00110609
23 39 1.46732e-05
23 46 -0.0188766
23 47 -0.0191683
23 48 0.0156545
23 49 -0.000951474
23 50 -0.0542651
23 51 0.00019951
24 16 0.00104551
24 17 0.00142836
24 18 -0.0434475
24 22 -0.0178748
24 23 -6.82963e-05
24 24 0.165666
24 25 -0.000156128
24 26 0.000758959
24 27 -0.00524584
24 28 0.000208745
24 29 -0.000550434
24 30 0.00330246
24 31 0.00194869
24 32 -0.0014778
24 33 -0.045631
24 34 -8.44599e-05
24 35 5.22277e-05
24 36 -0.00156131
24 37 -2.54757e-06
24 38 1.5691e-05
24 39 0.00106174
24 46 -0.0224519
24 47 0.00164367
24 48 -0.0253454
24 49 0.03776
24 50 -0.00183422
24 51 -0.0474507
25 22 -0.00486436
25 23 0.000719417
25 24 -0.000156128
25 25 0.249968
25 26 -0.000377358
25 27 -0.0206949
25 28 -0.11077
25 29 -0.00488794
25 30 0.0543548
25 31 -0.0778954
25 32 0.00540125
25 33 -0.0328071
25 34 -0.0412465
25 35 3.59506e-05
25 36 0.000452343
25 85 0.0239644
25 86 -5.02722e-05
25 87 -1.93184e-06
25 91 0.0123399
25 92 -0.000768363
25 93 -0.000443709
25 94 0.0154696
25 95 -0.000182184
25 96 0.000112918
25 97 -0.0631542
25 98 0.000131669
25 99 2.42707e-05
26 22 0.000509049
26 23 -0.00509306
26 24 0.000758959
26 25 -0.000377358
26 26 0.243419
26 27 -0.00215569
26 28 -0.000268271
26 29 -0.0863046
26 30 0.00187933
26 31 -0.03481
26 32 -0.103643
26 33 0.027419
26 34 0.000102951
26 35 -0.0391689
26 36 6.19667e-05
26 85 -3.78572e-05
26 86 0.024031
26 87 1.90988e-05
26 91 0.0347534
26 92 0.0168818
26 93 -0.0277828
26 94 1.21712e-05
26 95 0.0156456
26 96 -0.000235754
26 97 0.000138116
26 98 -0.0634476
26 99 9.27386e-05
27 22 0.000145114
27 23 0.000566641
27 24 -0.00524584
27 25 -0.0206949
27 26 -0.00215569
27 27 0.234728
27 28 0.0522712
27 29 0.00304228
27 30 -0.0627897
27 31 -0.0308117
27 32 0.00103735
27 33 -0.112147
27 34 0.000783573
27 35 -0.000786208
27 36 -0.0363452
27 85 -5.9794e-05
27 86 0.000109188
27 87 0.0239519
27 91 -0.00079568
27 92 -0.00161313
27 93 0.00972411
27 94 -2.41787e-05
27 95 -0.000223557
27 96 0.0153996
27 97 2.68716e-05
27 98 7.99865e-05
27 99 -0.063197
28 22 0.00176162
28 23 0.000814314
28 24 0.000208745
28 25 -0.11077
28 26 -0.000268271
28 27 0.0522712
28 28 0.694445
28 29 -0.0133207
28 30 -0.120874
28 31 -0.60349
28 32 0.0154861
28 33 0.059643
28 49 -0.00172519
28 50 0.00393376
28 51 0.000724562
28 91 0.127223
28 92 -0.0139687
28 93 0.0452015
28 94 -0.112194
28 95 0.000780235
28 96 -0.000168084
28 127 0.0470129
28 128 0.000907678
28 129 0.000119652
28 142 -0.0158732
28 143 0.00618364
28 144 -0.037977
29 22 -0.00067199
29 23 0.00395757
29 24 -0.000550434
29 25 -0.00488794
29 26 -0.0863046
29 27 0.00304228
29 28 -0.0133207
29 29 0.58083
29 30 -0.0084168
29 31 0.193187
29 32 -0.528702
29 33 -0.0210384
29 49 0.00739574
29 50 -0.00389293
29 51 0.000969157
29 91 -0.180041
29 92 0.149776
29 93 0.0273408
29 94 6.87457e-05
29 95 -0.112233
29 96 0.000495452
29 127 0.000526168
29 128 0.0485002
29 129 9.93398e-05
29 142 -0.00170813
29 143 -0.0335724
29 144 -0.00254018
30 22 0.000903635
30 23 -0.00129563
30 24 0.00330246
30 25 0.0543548
30 26 0.00187933
30 27 -0.0627897
30 28 -0.120874
30 29 -0.0084168
30 30 0.471216
30 31 0.067316
30 32 -0.00261212
30 33 -0.430225
30 49 -0.00138131
30 50 0.00278519
30 51 -0.000661912
30 91 0.0470639
30 92 -0.00347199
30 93 0.176445
30 94 5.13869e-05
30 95 0.000472795
30 96 -0.111834
30 127 -0.00476239
30 128 0.00256719
30 129 0.0475517
30 142 -0.0435224
30 143 0.00749327
30 144 -0.0596524
31 16 -0.025334
31 17 0.0365728
31 18 0.0253855
31 19 -0.210598
31 20 0.0272233
31 21 0.0179327
31 22 -0.0435723
31 23 0.0195634
31 24 0.00194869
31 25 -0.0778954
31 26 -0.03481
31 27 -0.0308117
31 28 -0.60349
31 29 0.193187
31 30 0.067316
31 31 2.93879
31 32 -0.0504177
31 33 -0.108811
31 34 -0.517043
31 35 -0.0238718
31 36 -0.0188879
31 46 0.0976462
31 47 -0.0234615
31 48 0.059811
31 49 -0.0639449
31 50 -0.0611917
31 51 0.00116771
31 79 -0.0198297
31 80 -0.179051
31 81 0.0931338
31 91 -0.189604
31 92 0.146434
31 93 -0.140521
31 124 -0.0920992
31 125 -0.00142827
31 126 -0.00419272
31 127 -0.460238
31 128 -0.0201794
31 129 0.0126692
31 142 -0.019674
31 143 -0.0417318
31 144 0.035276
31 145 0.0274287
31 146 -0.0148156
31 147 0.0062362
32 16 -0.000814178
32 17 -0.0430403
32 18 -0.00108872
32 19 0.005474
32 20 -0.226468
32 21 0.00020026
32 22 -0.00048218
32 23 -0.0519781
32 24 -0.0014778
32 25 0.00540125
32 26 -0.103643
32 27 0.00103735
32 28 0.0154861
32 29 -0.528702
32 30 -0.00261212
32 31 -0.0504177
32 32 4.4813
32 33 -0.278656
32 34 -0.0375183
32 35 -0.595135
32 36 0.00720002
32 46 -0.00471009
32 47 -0.602668
32 48 0.0818822
32 49 -0.0116635
32 50 -0.080687
32 51 0.0148092
32 79 -0.0887187
32 80 -0.0198279
32 81 0.0749635
32 91 0.142266
32 92 -1.15791
32 93 0.140203
32 124 0.00294838
32 125 -0.0835904
32 126 -1.87629e-05
32 127 -0.01425
32 128 -0.598201
32 129 0.00194575
32 142 0.0109977
32 143 -0.0211454
32 144 -0.00718297
32 145 -0.00197689
32 146 0.0351758
32 147 -0.0325365
33 16 0.023173
33 17 -0.1247
33 18 -0.0663833
33 19 0.0186312
33 20 -0.0937311
33 21 -0.241689
33 22 9.37188e-05
33 23 -0.0151836
33 24 -0.045631
33 25 -0.0328071
33 26 0.027419
33 27 -0.112147
33 28 0.059643
33 29 -0.0210384
33 30 -0.430225
33 31 -0.108811
33 32 -0.278656
33 33 3.69725
33 34 0.0350115
33 35 0.173032
33 36 -0.83729
33 46 0.0515354
33 47 0.0923841
33 48 -0.169164
33 49 0.00428566
33 50 0.0408209
33 51 -0.0747328
33 79 0.0749645
33 80 0.0931334
33 81 -0.0163359
33 91 -0.135521
33 92 0.208925
33 93 -0.433125
33 124 -0.00550827
33 125 0.0534038
33 126 -0.0756617
33 127 0.025894
33 128 0.140065
33 129 -0.756661
33 142 0.0515202
33 143 -0.162139
33 144 0.00951135
33 145 -0.0444525
33 146 -0.135067
33 147 0.0389161
34 16 -0.0179875
34 17 0.000740917
34 18 -0.000415977
34 19 0.0585768
34 20 0.000174825
34 21 -0.00092624
34 22 -0.00162866
34 23 -0.000108665
34 24 -8.44599e-05
34 25 -0.0412465
34 26 0.000102951
34 27 0.000783573
34 31 -0.517043
34 32 -0.0375183
34 33 0.0350115
34 34 0.601531
34 35 0.040601
34 36 0.0108892
34 52 -0.0427439
34 53 -0.000291569
34 54 2.02405e-05
34 79 0.0351789
34 80 -0.0148176
34 81 -0.135072
34 82 0.00198393
34 83 -0.000246295
34 84 -7.71373e-06
34 85 -0.0656418
34 86 0.00459722
34 87 -0.00169895
34 91 0.0100272
34 92 0.0044293
34 93 0.0892679
35 16 0.000648732
35 17 -0.0194088
35 18 0.00112931
35 19 0.000190251
35 20 0.0581568
35 21 0.00186541
35 22 -0.000112349
35 23 -0.00144433
35 24 5.22277e-05
35 25 3.59506e-05
35 26 -0.0391689
35 27 -0.000786208
35 31 -0.0238718
35 32 -0.595135
35 33 0.173032
35 34 0.040601
35 35 0.676718
35 36 0.024272
35 52 -0.000279076
35 53 -0.0423217
35 54 -1.59611e-05
35 79 -0.00197602
35 80 0.027432
35 81 -0.0444523
35 82 -0.000199886
35 83 0.00237082
35 84 -3.3476e-05
35 85 0.000993461
35 86 -0.0785447
35 87 0.00240179
35 91 -0.0183665
35 92 0.0302916
35 93 -0.157074
36 16 5.41899e-05
36 17 7.37805e-05
36 18 -0.0187543
36 19 -0.000311539
36 20 0.00018456
36 21 0.0592494
36 22 -4.6647e-06
36 23 7.37418e-06
36 24 -0.00156131
36 25 0.000452343
36 26 6.19667e-05
36 27 -0.0363452
36 31 -0.0188879
36 32 0.00720002
36 33 -0.83729
36 34 0.0108892
36 35 0.024272
36 36 0.935234
36 52 0.000273701
36 53 0.000119991
36 54 -0.04254
36 79 -0.0325361
36 80 0.00623549
36 81 0.0389192
36 82 0.000424921
36 83 0.0001818
36 84 0.0022107
36 85 -0.00497084
36 86 0.0106209
36 87 -0.0594361
36 91 0.0423842
36 92 -0.0485679
36 93 -0.0233146
37 1 0.00110609
37 2 2.2007e-05
37 3 1.5691e-05
37 16 -0.0107801
37 17 -2.61259e-05
37 18 3.05747e-07
37 22 0.00105418
37 23 2.15023e-05
37 24 -2.54757e-06
37 37 0.112388
37 38 -1.29376e-05
37 39 -1.14281e-05
37 40 0.00808664
37 41 1.18551e-07
37 42 1.72605e-05
37 43 0.0142843
37 44 -7.16661e-07
37 45 -1.70779e-05
37 46 -0.140425
37 47 1.17166e-06
37 48 3.378e-06
37 49 0.0142865
37 50 -4.96918e-06
37 51 -5.5508e-06
38 1 2.15023e-05
38 2 0.00105418
38 3 -2.54757e-06
38 16 -2.61259e-05
38 17 -0.0107801
38 18 3.05747e-07
38 22 2.2007e-05
38 23 0.00110609
38 24 1.5691e-05
38 37 -1.29376e-05
38 38 0.112388
38 39 -1.14281e-05
38 40 1.18551e-07
38 41 0.00808664
38 42 1.72605e-05
38 43 -4.96918e-06
38 44 0.0142865
38 45 -5.5508e-06
38 46 1.17166e-06
38 47 -0.140425
38 48 3.378e-06
38 49 -7.16661e-07
38 50 0.0142843
38 51 -1.70779e-05
39 1 1.46732e-05
39 2 -1.45442e-06
39 3 0.00106174
39 16 -1.27617e-05
39 17 -1.27617e-05
39 18 -0.0107881
39 22 -1.45442e-06
39 23 1.46732e-05
39 24 0.00106174
39 37 -1.14281e-05
39 38 -1.14281e-05
39 39 0.112394
39 40 1.78314e-05
39 41 1.78314e-05
39 42 0.00809865
39 43 -1.71294e-05
39 44 3.86544e-07
39 45 0.0142959
39 46 9.91322e-06
39 47 9.91322e-06
39 48 -0.14042
39 49 3.86544e-07
39 50 -1.71294e-05
39 51 0.0142959
40 37 0.00808664
40 38 1.18551e-07
40 39 1.78314e-05
40 40 0.129366
40 41 -2.84056e-06
40 42 -3.97914e-05
40 43 0.0152926
40 44 2.85123e-06
40 45 1.89772e-05
40 46 -0.189584
40 47 -2.96884e-05
40 48 9.27154e-06
40 49 0.0152748
40 50 2.64922e-05
40 51 -3.6682e-06
40 118 0.0215649
40 119 3.10158e-06
40 120 -2.6259e-06
41 37 1.18551e-07
41 38 0.00808664
41 39 1.78314e-05
41 40 -2.84056e-06
41 41 0.129366
41 42 -3.97914e-05
41 43 2.64922e-05
41 44 0.0152748
41 45 -3.6682e-06
41 46 -2.96884e-05
41 47 -0.189584
41 48 9.27154e-06
41 49 2.85123e-06
41 50 0.0152926
41 51 1.89772e-05
41 118 3.10158e-06
41 119 0.0215649
41 120 -2.6259e-06
42 37 1.72605e-05
42 38 1.72605e-05
42 39 0.00809865
42 40 -3.97914e-05
42 41 -3.97914e-05
42 42 0.129342
42 43 1.85645e-05
42 44 1.78507e-06
42 45 0.0152909
42 46 -5.01184e-06
42 47 -5.01184e-06
42 48 -0.189551
42 49 1.78507e-06
42 50 1.85645e-05
42 51 0.0152909
42 118 7.18779e-06
42 119 7.18779e-06
42 120 0.0215293
43 1 -0.0542651
43 2 0.00288794
43 3 -0.00183422
43 7 -0.00389293
43 8 0.00393376
43 9 0.00278519
43 10 -0.080687
43 11 -0.0611917
43 12 0.0408209
43 37 0.0142843
43 38 -4.96918e-06
43 39 -1.71294e-05
43 40 0.0152926
43 41 2.64922e-05
43 42 1.85645e-05
43 43 0.322963
43 44 0.00210129
43 45 0.00153274
43 46 -0.252578
43 47 0.0512408
43 48 -0.043674
43 118 0.057356
43 119 0.000182695
43 120 0.000201548
43 121 -0.0138868
43 122 0.000190892
43 123 2.33475e-05
44 1 -0.000951474
44 2 -0.0596836
44 3 0.03776
44 7 0.00739574
44 8 -0.00172519
44 9 -0.00138131
44 10 -0.0116635
44 11 -0.0639449
44 12 0.00428566
44 37 -7.16661e-07
44 38 0.0142865
44 39 3.86544e-07
44 40 2.85123e-06
44 41 0.0152748
44 42 1.78507e-06
44 43 0.00210129
44 44 0.338023
44 45 -0.0835005
44 46 0.00247211
44 47 -0.275192
44 48 0.0451415
44 118 -2.94959e-05
44 119 0.0572323
44 120 -4.39429e-05
44 121 4.04582e-05
44 122 -0.0156019
44 123 -0.00135341
45 1 0.00019951
45 2 0.0376399
45 3 -0.0474507
45 7 0.000969157
45 8 0.000724562
45 9 -0.000661912
45 10 0.0148092
45 11 0.00116771
45 12 -0.0747328
45 37 -1.70779e-05
45 38 -5.5508e-06
45 39 0.0142959
45 40 1.89772e-05
45 41 -3.6682e-06
45 42 0.0152909
45 43 0.00153274
45 44 -0.0835005
45 45 0.298209
45 46 -0.00442615
45 47 0.0492576
45 48 -0.24378
45 118 -8.31891e-05
45 119 -0.000326405
45 120 0.0571022
45 121 -0.0131462
45 122 -0.00404343
45 123 -0.0124975
46 1 -0.0191683
46 2 -0.000869084
46 3 0.00164367
46 10 -0.602668
46 11 -0.0234615
46 12 0.0923841
46 16 -0.338524
46 17 -0.0442588
46 18 0.0640543
46 19 -0.0689393
46 20 -0.0345427
46 21 0.0298558
46 22 -0.0240211
46 23 -0.0188766
46 24 -0.0224519
46 31 0.0976462
46 32 -0.00471009
46 33 0.0515354
46 37 -0.140425
46 38 1.17166e-06
46 39 9.91322e-06
46 40 -0.189584
46 41 -2.96884e-05
46 42 -5.01184e-06
46 43 -0.252578
46 44 0.00247211
46 45 -0.00442615
46 46 2.74409
46 47 0.0304086
46 48 -0.236092
46 49 -0.275192
46 50 0.0512408
46 51 0.0492576
46 118 -0.584481
46 119 -0.000172968
46 120 0.000348026
46 121 0.0537752
46 122 0.00138256
46 123 -0.000770998
46 124 -0.052711
46 125 0.00074146
46 126 0.000385816
46 127 0.0581827
46 128 0.00740834
46 129 0.00146135
47 1 -0.0188766
47 2 -0.0240211
47 3 -0.0224519
47 10 -0.00471009
47 11 0.0976462
47 12 0.0515354
47 16 -0.0442588
47 17 -0.338524
47 18 0.0640543
47 19 -0.0345427
47 20 -0.0689393
47 21 0.0298558
47 22 -0.000869084
47 23 -0.0191683
47 24 0.00164367
47 31 -0.0234615
47 32 -0.602668
47 33 0.0923841
47 37 1.17166e-06
47 38 -0.140425
47 39 9.91322e-06
47 40 -2.96884e-05
47 41 -0.189584
47 42 -5.01184e-06
47 43 0.0512408
47 44 -0.275192
47 45 0.0492576
47 46 0.0304086
47 47 2.74409
47 48 -0.236092
47 49 0.00247211
47 50 -0.252578
47 51 -0.00442615
47 118 -0.000172968
47 119 -0.584481
47 120 0.000348026
47 121 0.00740834
47 122 0.0581827
47 123 0.00146135
47 124 0.00074146
47 125 -0.052711
47 126 0.000385816
47 127 0.00138256
47 128 0.0537752
47 129 -0.000770998
48 1 0.0156545
48 2 -0.0213096
48 3 -0.0253454
48 10 0.0818822
48 11 0.059811
48 12 -0.169164
48 16 0.193225
48 17 0.193225
48 18 -0.647391
48 19 0.120563
48 20 0.120563
48 21 -0.132098
48 22 -0.0213096
48 23 0.0156545
48 24 -0.0253454
48 31 0.059811
48 32 0.0818822
48 33 -0.169164
48 37 3.378e-06
48 38 3.378e-06
48 39 -0.14042
48 40 9.27154e-06
48 41 9.27154e-06
48 42 -0.189551
48 43 -0.043674
48 44 0.0451415
48 45 -0.24378
48 46 -0.236092
48 47 -0.236092
48 48 2.81277
48 49 0.0451415
48 50 -0.043674
48 51 -0.24378
48 118 8.48322e-05
48 119 8.48322e-05
48 120 -0.586078
48 121 -0.130315
48 122 -0.00612709
48 123 0.051932
48 124 -0.0516673
48 125 -0.0516673
48 126 -0.0554914
48 127 -0.00612709
48 128 -0.130315
48 129 0.051932
49 22 -0.0596836
49 23 -0.000951474
49 24 0.03776
49 28 -0.00172519
49 29 0.00739574
49 30 -0.00138131
49 31 -0.0639449
49 32 -0.0116635
49 33 0.00428566
49 37 0.0142865
49 38 -7.16661e-07
49 39 3.86544e-07
49 40 0.0152748
49 41 2.85123e-06
49 42 1.78507e-06
49 46 -0.275192
49 47 0.00247211
49 48 0.0451415
49 49 0.338023
49 50 0.00210129
49 51 -0.0835005
49 118 0.0572323
49 119 -2.94959e-05
49 120 -4.39429e-05
49 127 -0.0156019
49 128 4.04582e-05
49 129 -0.00135341
50 22 0.00288794
50 23 -0.0542651
50 24 -0.00183422
50 28 0.00393376
50 29 -0.00389293
50 30 0.00278519
50 31 -0.0611917
50 32 -0.080687
50 33 0.0408209
50 37 -4.96918e-06
50 38 0.0142843
50 39 -1.71294e-05
50 40 2.64922e-05
50 41 0.0152926
50 42 1.85645e-05
50 46 0.0512408
50 47 -0.252578
50 48 -0.043674
50 49 0.00210129
50 50 0.322963
50 51 0.00153274
50 118 0.000182695
50 119 0.057356
50 120 0.000201548
50 127 0.000190892
50 128 -0.0138868
50 129 2.33475e-05
51 22 0.0376399
51 23 0.00019951
51 24 -0.0474507
51 28 0.000724562
51 29 0.000969157
51 30 -0.000661912
51 31 0.00116771
51 32 0.0148092
51 33 -0.0747328
51 37 -5.5508e-06
51 38 -1.70779e-05
51 39 0.0142959
51 40 -3.6682e-06
51 41 1.89772e-05
51 42 0.0152909
51 46 0.0492576
51 47 -0.00442615
51 48 -0.24378
51 49 -0.0835005
51 50 0.00153274
51 51 0.298209
51 118 -0.000326405
51 119 -8.31891e-05
51 120 0.0571022
51 127 -0.00404343
51 128 -0.0131462
51 129 -0.0124975
52 13 -0.0423217
52 14 -0.000291569
52 15 0.000119991
52 19 -0.256832
52 20 -0.000591602
52 21 0.0118831
52 34 -0.0427439
52 35 -0.000279076
52 36 0.000273701
52 52 0.542282
52 53 -8.92904e-05
52 54 -0.0100532
52 55 -0.0921009
52 56 0.00294928
52 57 -0.00550755
52 58 0.0157908
52 59 -0.000663863
52 60 0.00157761
52 79 -0.0835924
52 80 -0.00142644
52 81 0.0534062
52 82 0.0107316
52 83 -0.000344293
52 84 0.000269657
52 103 -0.0527111
52 104 0.000739174
52 105 -0.0516718
52 106 0.0076606
52 107 -1.19267e-05
52 108 -6.71225e-05
53 13 -0.000279076
53 14 -0.0427439
53 15 0.000273701
53 19 -0.000591602
53 20 -0.256832
53 21 0.0118831
53 34 -0.000291569
53 35 -0.0423217
53 36 0.000119991
53 52 -8.92904e-05
53 53 0.542282
53 54 -0.0100532
53 55 -0.00142644
53 56 -0.0835924
53 57 0.0534062
53 58 -0.000344293
53 59 0.0107316
53 60 0.000269657
53 79 0.00294928
53 80 -0.0921009
53 81 -0.00550755
53 82 -0.000663863
53 83 0.0157908
53 84 0.00157761
53 103 0.000739174
53 104 -0.0527111
53 105 -0.0516718
53 106 -1.19267e-05
53 107 0.0076606
53 108 -6.71225e-05
54 13 -1.59611e-05
54 14 2.02405e-05
54 15 -0.04254
54 19 0.0111246
54 20 0.0111246
54 21 -0.439615
54 34 2.02405e-05
54 35 -1.59611e-05
54 36 -0.04254
54 52 -0.0100532
54 53 -0.0100532
54 54 0.712124
54 55 -0.00419266
54 56 -1.93108e-05
54 57 -0.0756655
54 58 0.00236677
54 59 0.000540871
54 60 0.00760364
54 79 -1.93108e-05
54 80 -0.00419266
54 81 -0.0756655
54 82 0.000540871
54 83 0.00236677
54 84 0.00760364
54 103 0.000385832
54 104 0.000385832
54 105 -0.0554921
54 106 7.33592e-05
54 107 7.33592e-05
54 108 0.00788458
55 10 -0.0198279
55 11 -0.179051
55 12 0.0931334
55 13 0.027432
55 14 -0.0148176
55 15 0.00623549
55 19 -0.210593
55 20 0.0272231
55 21 0.017932
55 52 -0.0921009
55 53 -0.00142644
55 54 -0.00419266
55 55 2.9388
55 56 -0.0504097
55 57 -0.108791
55 58 -0.460229
55 59 -0.0201798
55 60 0.0126638
55 61 -0.0196719
55 62 -0.0417332
55 63 0.0352714
55 64 -0.60349
55 65 0.193181
55 66 0.0673153
55 70 -0.189604
55 71 0.146437
55 72 -0.140525
55 103 0.0976468
55 104 -0.0234674
55 105 0.0598049
55 109 -0.0639457
55 110 -0.0611895
55 111 0.00116755
55 136 -0.0778957
55 137 -0.0348102
55 138 -0.0308103
55 139 -0.51704
55 140 -0.0238679
55 141 -0.0188925
55 154 -0.0253351
55 155 0.0365706
55 156 0.0253855
55 157 -0.043575
55 158 0.0195623
55 159 0.00194879
56 10 -0.0887187
56 11 -0.0198297
56 12 0.0749645
56 13 -0.00197602
56 14 0.0351789
56 15 -0.0325361
56 19 0.00547544
56 20 -0.226463
56 21 0.000200714
56 52 0.00294928
56 53 -0.0835924
56 54 -1.93108e-05
56 55 -0.0504097
56 56 4.4813
56 57 -0.278669
56 58 -0.0142532
56 59 -0.598198
56 60 0.00194884
56 61 0.0109981
56 62 -0.0211432
56 63 -0.00718434
56 64 0.0154869
56 65 -0.528701
56 66 -0.00261196
56 70 0.142262
56 71 -1.15791
56 72 0.140206
56 103 -0.00471373
56 104 -0.602665
56 105 0.0818859
56 109 -0.011664
56 110 -0.0806878
56 111 0.0148111
56 136 0.0054011
56 137 -0.103644
56 138 0.00103694
56 139 -0.0375181
56 140 -0.595137
56 141 0.00720298
56 154 -0.000814701
56 155 -0.0430414
56 156 -0.00108968
56 157 -0.000482216
56 158 -0.0519814
56 159 -0.001478
57 10 0.0749635
57 11 0.0931338
57 12 -0.0163359
57 13 -0.0444523
57 14 -0.135072
57 15 0.0389192
57 19 0.0186296
57 20 -0.0937303
57 21 -0.241684
57 52 -0.00550755
57 53 0.0534062
57 54 -0.0756655
57 55 -0.108791
57 56 -0.278669
57 57 3.69726
57 58 0.0258902
57 59 0.140069
57 60 -0.756665
57 61 0.0515145
57 62 -0.162134
57 63 0.00951509
57 64 0.0596415
57 65 -0.0210362
57 66 -0.430224
57 70 -0.135522
57 71 0.208928
57 72 -0.433133
57 103 0.0515305
57 104 0.0923855
57 105 -0.169172
57 109 0.00428489
57 110 0.0408176
57 111 -0.0747302
57 136 -0.0328061
57 137 0.0274187
57 138 -0.112149
57 139 0.035006
57 140 0.173034
57 141 -0.837287
57 154 0.0231719
57 155 -0.124698
57 156 -0.0663849
57 157 9.361e-05
57 158 -0.0151836
57 159 -0.0456341
58 13 0.00237082
58 14 -0.000246295
58 15 0.0001818
58 52 0.0157908
58 53 -0.000344293
58 54 0.00236677
58 55 -0.460229
58 56 -0.0142532
58 57 0.0258902
58 58 0.41107
58 59 0.0143291
58 60 -0.0137773
58 61 -0.00615185
58 62 -0.00177097
58 63 0.000993235
58 64 0.0470119
58 65 0.000526342
58 66 -0.00476349
58 103 0.0581845
58 104 0.00138414
58 105 -0.00612808
58 106 -0.0434126
58 107 -0.00010638
58 108 -0.000288562
58 109 -0.0156035
58 110 0.000190747
58 111 -0.00404371
59 13 -0.000199886
59 14 0.00198393
59 15 0.000424921
59 52 -0.000663863
59 53 0.0107316
59 54 0.000540871
59 55 -0.0201798
59 56 -0.598198
59 57 0.140069
59 58 0.0143291
59 59 0.554354
59 60 -0.00260298
59 61 -0.0015967
59 62 -0.00849386
59 63 0.00214767
59 64 0.000907953
59 65 0.0484997
59 66 0.00256736
59 103 0.00740754
59 104 0.0537801
59 105 -0.130317
59 106 -0.00033468
59 107 -0.0448349
59 108 0.000289305
59 109 3.94922e-05
59 110 -0.0138893
59 111 -0.0131475
60 13 -3.3476e-05
60 14 -7.71373e-06
60 15 0.0022107
60 52 0.00157761
60 53 0.000269657
60 54 0.00760364
60 55 0.0126638
60 56 0.00194884
60 57 -0.756665
60 58 -0.0137773
60 59 -0.00260298
60 60 0.715379
60 61 -9.23371e-05
60 62 0.000196064
60 63 -0.00752529
60 64 0.000119701
60 65 9.93841e-05
60 66 0.0475509
60 103 0.00146142
60 104 -0.000770403
60 105 0.0519394
60 106 -0.000135257
60 107 0.000815071
60 108 -0.0441252
60 109 -0.00135333
60 110 2.34923e-05
60 111 -0.0125029
61 4 0.024031
61 5 -5.02722e-05
61 6 0.000109188
61 13 -0.0785447
61 14 0.00459722
61 15 0.0106209
61 55 -0.0196719
61 56 0.0109981
61 57 0.0515145
61 58 -0.00615185
61 59 -0.0015967
61 60 -9.23371e-05
61 61 0.40614
61 62 -0.0119509
61 63 0.0660023
61 64 -0.0158738
61 65 -0.00170874
61 66 -0.0435179
61 70 -0.356764
61 71 0.000239466
61 72 -0.0850645
61 73 0.010321
61 74 7.42839e-05
61 75 -0.000161536
61 76 0.0477872
61 77 -0.000212904
61 78 -0.0010164
62 4 -3.78572e-05
62 5 0.0239644
62 6 -5.9794e-05
62 13 0.000993461
62 14 -0.0656418
62 15 -0.00497084
62 55 -0.0417332
62 56 -0.0211432
62 57 -0.162134
62 58 -0.00177097
62 59 -0.00849386
62 60 0.000196064
62 61 -0.0119509
62 62 0.494449
62 63 0.0190379
62 64 0.00618293
62 65 -0.033574
62 66 0.00749282
62 70 0.0486603
62 71 -0.442256
62 72 0.139928
62 73 5.53561e-05
62 74 0.0104367
62 75 0.000104445
62 76 -9.57035e-06
62 77 0.0476792
62 78 0.000190675
63 4 1.90988e-05
63 5 -1.93184e-06
63 6 0.0239519
63 13 0.00240179
63 14 -0.00169895
63 15 -0.0594361
63 55 0.0352714
63 56 -0.00718434
63 57 0.00951509
63 58 0.000993235
63 59 0.00214767
63 60 -0.00752529
63 61 0.0660023
63 62 0.0190379
63 63 0.608694
63 64 -0.0379734
63 65 -0.00254078
63 66 -0.0596535
63 70 -0.0683345
63 71 -0.010073
63 72 -0.567773
63 73 3.14688e-06
63 74 1.69519e-05
63 75 0.0103369
63 76 1.12433e-05
63 77 8.17623e-05
63 78 0.0479491
64 55 -0.60349
64 56 0.0154869
64 57 0.0596415
64 58 0.0470119
64 59 0.000907953
64 60 0.000119701
64 61 -0.0158738
64 62 0.00618293
64 63 -0.0379734
64 64 0.694443
64 65 -0.0133233
64 66 -0.120871
64 70 0.127222
64 71 -0.0139671
64 72 0.0451973
64 76 -0.112194
64 77 0.000780175
64 78 -0.00016802
64 109 -0.00172754
64 110 0.00393434
64 111 0.000724634
64 136 -0.110769
64 137 -0.0002681
64 138 0.05227
64 157 0.0017626
64 158 0.000814365
64 159 0.000208755
65 55 0.193181
65 56 -0.528701
65 57 -0.0210362
65 58 0.000526342
65 59 0.0484997
65 60 9.93841e-05
65 61 -0.00170874
65 62 -0.033574
65 63 -0.00254078
65 64 -0.0133233
65 65 0.580828
65 66 -0.0084171
65 70 -0.180033
65 71 0.149777
65 72 0.0273388
65 76 6.87465e-05
65 77 -0.112232
65 78 0.000495369
65 109 0.00739683
65 110 -0.00389502
65 111 0.000969359
65 136 -0.00488783
65 137 -0.0863034
65 138 0.00304301
65 157 -0.000672136
65 158 0.00395886
65 159 -0.000550572
66 55 0.0673153
66 56 -0.00261196
66 57 -0.430224
66 58 -0.00476349
66 59 0.00256736
66 60 0.0475509
66 61 -0.0435179
66 62 0.00749282
66 63 -0.0596535
66 64 -0.120871
66 65 -0.0084171
66 66 0.471216
66 70 0.0470592
66 71 -0.00347188
66 72 0.176444
66 76 5.1385e-05
66 77 0.000472719
66 78 -0.111834
66 109 -0.00138153
66 110 0.00278552
66 111 -0.000663857
66 136 0.0543538
66 137 0.00187964
66 138 -0.0627892
66 157 0.000903715
66 158 -0.00129581
66 159 0.00330368
67 4 0.0156456
67 5 -0.000182184
67 6 -0.000223557
67 7 -0.112233
67 8 0.000780235
67 9 0.000472795
67 67 0.444908
67 68 -0.000754274
67 69 -0.000363638
67 70 -0.543562
67 71 0.000657825
67 72 -1.74567e-05
67 73 0.0309195
67 74 -9.83542e-05
67 75 4.49686e-05
67 76 0.0743054
67 77 -0.000191605
67 78 6.5578e-07
67 130 0.0476815
67 131 -0.000212876
67 132 8.17364e-05
67 133 0.0423452
67 134 1.78146e-06
67 135 4.93313e-06
68 4 1.21712e-05
68 5 0.0154696
68 6 -2.41787e-05
68 7 6.87457e-05
68 8 -0.112194
68 9 5.13869e-05
68 67 -0.000754274
68 68 0.447985
68 69 -1.71907e-05
68 70 0.000686928
68 71 -0.546577
68 72 -2.83161e-05
68 73 1.69597e-06
68 74 0.0309308
68 75 9.03002e-06
68 76 5.60196e-07
68 77 0.0743054
68 78 1.47811e-06
68 130 -9.56898e-06
68 131 0.0477895
68 132 1.12394e-05
68 133 -5.70963e-06
68 134 0.0422972
68 135 -3.41903e-06
69 4 -0.000235754
69 5 0.000112918
69 6 0.0153996
69 7 0.000495452
69 8 -0.000168084
69 9 -0.111834
69 67 -0.000363638
69 68 -1.71907e-05
69 69 0.445076
69 70 -0.000127637
69 71 0.00101251
69 72 -0.544191
69 73 3.35813e-05
69 74 6.11074e-05
69 75 0.0309876
69 76 1.47803e-06
69 77 6.56011e-07
69 78 0.0742822
69 130 0.000190657
69 131 -0.00101644
69 132 0.0479514
69 133 6.29732e-06
69 134 1.45459e-05
69 135 0.0423376
70 4 0.0168818
70 5 -0.000768363
70 6 -0.00161313
70 7 0.149776
70 8 -0.0139687
70 9 -0.00347199
70 10 -1.15791
70 11 0.146434
70 12 0.208925
70 13 0.0302916
70 14 0.0044293
70 15 -0.0485679
70 55 -0.189604
70 56 0.142262
70 57 -0.135522
70 61 -0.356764
70 62 0.0486603
70 63 -0.0683345
70 64 0.127222
70 65 -0.180033
70 66 0.0470592
70 67 -0.543562
70 68 0.000686928
70 69 -0.000127637
70 70 3.94425
70 71 -0.178963
70 72 -0.051432
70 73 -0.237403
70 74 8.35817e-05
70 75 0.00014568
70 76 -0.546577
70 77 0.000657837
70 78 0.00101245
70 130 -0.442266
70 131 0.000240266
70 132 -0.0100738
70 133 -0.237439
70 134 1.41456e-06
70 135 -9.56816e-05
70 136 0.0123367
70 137 0.0347535
70 138 -0.00079607
70 139 0.0100322
70 140 -0.0183689
70 141 0.0423848
71 4 0.0347534
71 5 0.0123399
71 6 -0.00079568
71 7 -0.180041
71 8 0.127223
71 9 0.0470639
71 10 0.142266
71 11 -0.189604
71 12 -0.135521
71 13 -0.0183665
71 14 0.0100272
71 15 0.0423842
71 55 0.146437
71 56 -1.15791
71 57 0.208928
71 61 0.000239466
71 62 -0.442256
71 63 -0.010073
71 64 -0.0139671
71 65 0.149777
71 66 -0.00347188
71 67 0.000657825
71 68 -0.546577
71 69 0.00101251
71 70 -0.178963
71 71 3.94425
71 72 -0.0514443
71 73 1.41707e-06
71 74 -0.237438
71 75 -9.56922e-05
71 76 0.00068688
71 77 -0.543562
71 78 -0.000127706
71 130 0.0486581
71 131 -0.356775
71 132 -0.0683308
71 133 8.3579e-05
71 134 -0.237405
71 135 0.000145663
71 136 -0.000768348
71 137 0.0168787
71 138 -0.00161299
71 139 0.0044285
71 140 0.0302962
71 141 -0.0485671
72 4 -0.0277828
72 5 -0.000443709
72 6 0.00972411
72 7 0.0273408
72 8 0.0452015
72 9 0.176445
72 10 0.140203
72 11 -0.140521
72 12 -0.433125
72 13 -0.157074
72 14 0.0892679
72 15 -0.0233146
72 55 -0.140525
72 56 0.140206
72 57 -0.433133
72 61 -0.0850645
72 62 0.139928
72 63 -0.567773
72 64 0.0451973
72 65 0.0273388
72 66 0.176444
72 67 -1.74567e-05
72 68 -2.83161e-05
72 69 -0.544191
72 70 -0.051432
72 71 -0.0514443
72 72 3.79167
72 73 -1.28337e-05
72 74 -6.42425e-05
72 75 -0.237411
72 76 -2.82829e-05
72 77 -1.75408e-05
72 78 -0.544191
72 130 0.139932
72 131 -0.0850617
72 132 -0.567788
72 133 -6.42366e-05
72 134 -1.28277e-05
72 135 -0.237413
72 136 -0.000443783
72 137 -0.0277825
72 138 0.00972125
72 139 0.0892643
72 140 -0.157073
72 141 -0.0233055
73 4 -0.0634476
73 5 0.000131669
73 6 7.99865e-05
73 61 0.010321
73 62 5.53561e-05
73 63 3.14688e-06
73 67 0.0309195
73 68 1.69597e-06
73 69 3.35813e-05
73 70 -0.237403
73 71 1.41707e-06
73 72 -1.28337e-05
73 73 0.217314
73 74 -0.000191826
73 75 -0.000118369
73 76 0.0422969
73 77 1.77971e-06
73 78 1.45515e-05
74 4 0.000138116
74 5 -0.0631542
74 6 2.68716e-05
74 61 7.42839e-05
74 62 0.0104367
74 63 1.69519e-05
74 67 -9.83542e-05
74 68 0.0309308
74 69 6.11074e-05
74 70 8.35817e-05
74 71 -0.237438
74 72 -6.42425e-05
74 73 -0.000191826
74 74 0.216881
74 75 -4.68538e-05
74 76 -5.70991e-06
74 77 0.042345
74 78 6.29883e-06
75 4 9.27386e-05
75 5 2.42707e-05
75 6 -0.063197
75 61 -0.000161536
75 62 0.000104445
75 63 0.0103369
75 67 4.49686e-05
75 68 9.03002e-06
75 69 0.0309876
75 70 0.00014568
75 71 -9.56922e-05
75 72 -0.237411
75 73 -0.000118369
75 74 -4.68538e-05
75 75 0.216947
75 76 -3.41918e-06
75 77 4.93378e-06
75 78 0.0423374
76 61 0.0477872
76 62 -9.57035e-06
76 63 1.12433e-05
76 64 -0.112194
76 65 6.87465e-05
76 66 5.1385e-05
76 67 0.0743054
76 68 5.60196e-07
76 69 1.47803e-06
76 70 -0.546577
76 71 0.00068688
76 72 -2.82829e-05
76 73 0.0422969
76 74 -5.70991e-06
76 75 -3.41918e-06
76 76 0.447985
76 77 -0.000754224
76 78 -1.72273e-05
76 133 0.0309311
76 134 1.69624e-06
76 135 9.02992e-06
76 136 0.0154712
76 137 1.21693e-05
76 138 -2.4177e-05
