%%MatrixMarket matrix coordinate real general
110 110 1086
1 1 0.00789074
1 2 0.000682596
1 3 0.00169888
1 4 0.0119346
1 5 4.51767e-05
1 6 0.000614506
1 19 0.000125934
1 21 0.00323384
1 22 0.00681736
2 1 0.000682596
2 2 0.0107469
2 3 0.00419348
2 4 0.00989289
2 5 0.000771034
2 35 0.000434126
2 36 0.00145311
2 43 0.0118543
2 44 0.000323556
3 1 0.00169888
3 2 0.00419348
3 3 0.0502914
3 4 0.0173606
3 21 0.00547439
3 36 0.00516187
3 43 0.0115563
3 80 0.00800356
3 90 0.0113166
4 1 0.0119346
4 2 0.00989289
4 3 0.0173606
4 4 0.107988
4 5 0.00387767
4 6 0.00398341
4 7 0.00116777
4 21 0.0115093
4 22 0.0170965
4 43 0.0176166
4 45 0.00170423
4 80 0.0101129
4 83 0.000551473
4 90 0.0071052
4 91 0.000988658
5 1 4.51767e-05
5 2 0.000771034
5 4 0.00387767
5 5 0.00191699
5 6 1.29778e-05
5 7 2.63051e-06
5 43 0.00562289
5 44 0.000273956
5 45 0.000438698
6 1 0.000614506
6 4 0.00398341
6 5 1.29778e-05
6 6 0.00353688
6 7 0.000328211
6 19 0.000105472
6 20 0.000445592
6 22 0.00867336
6 23 0.000332057
7 4 0.00116777
7 5 2.63051e-06
7 6 0.000328211
7 7 0.000410634
7 22 0.00239528
7 23 7.1073e-05
7 45 7.05811e-07
7 83 3.69991e-05
7 91 2.06654e-07
8 8 0.00789074
8 9 0.000682596
8 10 0.00169888
8 11 0.0119346
8 12 4.51767e-05
8 13 0.000614506
8 25 0.000125934
8 26 0.00323384
8 27 0.00681736
9 8 0.000682596
9 9 0.0107469
9 10 0.00419348
9 11 0.00989289
9 12 0.000771034
9 54 0.0118543
9 55 0.00145311
9 56 0.000434126
9 58 0.000323556
10 8 0.00169888
10 9 0.00419348
10 10 0.0502914
10 11 0.0173606
10 26 0.00547439
10 54 0.0115563
10 55 0.00516187
10 84 0.00800356
10 95 0.0113166
11 8 0.0119346
11 9 0.00989289
11 10 0.0173606
11 11 0.107988
11 12 0.00387767
11 13 0.00398341
11 14 0.00116777
11 26 0.0115093
11 27 0.0170965
11 54 0.0176166
11 60 0.00170423
11 84 0.0101129
11 86 0.000551473
11 95 0.0071052
11 97 0.000988658
12 8 4.51767e-05
12 9 0.000771034
12 11 0.00387767
12 12 0.00191699
12 13 1.29778e-05
12 14 2.63051e-06
12 54 0.00562289
12 58 0.000273956
12 60 0.000438698
13 8 0.000614506
13 11 0.00398341
13 12 1.29778e-05
13 13 0.00353688
13 14 0.000328211
13 20 0.000445592
13 23 0.000332057
13 25 0.000105472
13 27 0.00867336
14 11 0.00116777
14 12 2.63051e-06
14 13 0.000328211
14 14 0.000410634
14 23 7.1073e-05
14 27 0.00239528
14 60 7.05811e-07
14 86 3.69991e-05
14 97 2.06654e-07
15 15 1.55914e-08
15 16 1.48947e-09
15 17 5.61529e-09
15 18 2.25413e-06
15 19 7.08415e-09
15 20 3.09364e-08
15 24 5.61529e-09
15 25 7.08415e-09
16 15 1.48947e-09
16 16 2.87361e-08
16 17 1.95249e-08
16 18 3.32897e-06
16 24 1.95249e-08
16 79 7.03297e-08
17 15 5.61529e-09
17 16 1.95249e-08
17 17 0.00432901
17 18 0.00276533
17 19 0.000351257
17 21 0.00141342
17 22 0.00890597
17 79 1.14642e-06
17 81 0.00205626
18 15 2.25413e-06
18 16 3.32897e-06
18 17 0.00276533
18 18 0.0935008
18 19 0.000998633
18 20 0.00972027
18 22 0.018429
18 23 0.0132494
18 24 0.00276533
18 25 0.000998633
18 27 0.018429
18 79 0.0005207
18 81 0.00807058
18 82 0.0107372
18 85 0.00807058
19 1 0.000125934
19 6 0.000105472
19 15 7.08415e-09
19 17 0.000351257
19 18 0.000998633
19 19 0.000818245
19 20 0.000315421
19 21 0.000458148
19 22 0.00435337
20 6 0.000445592
20 13 0.000445592
20 15 3.09364e-08
20 18 0.00972027
20 19 0.000315421
20 20 0.0124572
20 22 0.00916111
20 23 0.00750455
20 25 0.000315421
20 27 0.00916111
21 1 0.00323384
21 3 0.00547439
21 4 0.0115093
21 17 0.00141342
21 19 0.000458148
21 21 0.0327245
21 22 0.0163604
21 80 0.010445
21 81 0.00327138
22 1 0.00681736
22 4 0.0170965
22 6 0.00867336
22 7 0.00239528
22 17 0.00890597
22 18 0.018429
22 19 0.00435337
22 20 0.00916111
22 21 0.0163604
22 22 0.126023
22 23 0.00955755
22 80 0.00710744
22 81 0.0125944
22 82 0.00360711
22 83 0.00154542
23 6 0.000332057
23 7 7.1073e-05
23 13 0.000332057
23 14 7.1073e-05
23 18 0.0132494
23 20 0.00750455
23 22 0.00955755
23 23 0.0200403
23 27 0.00955755
23 82 0.00200107
23 83 2.58546e-05
23 86 2.58546e-05
24 15 5.61529e-09
24 16 1.95249e-08
24 18 0.00276533
24 24 0.00432901
24 25 0.000351257
24 26 0.00141342
24 27 0.00890597
24 79 1.14642e-06
24 85 0.00205626
25 8 0.000125934
25 13 0.000105472
25 15 7.08415e-09
25 18 0.000998633
25 20 0.000315421
25 24 0.000351257
25 25 0.000818245
25 26 0.000458148
25 27 0.00435337
26 8 0.00323384
26 10 0.00547439
26 11 0.0115093
26 24 0.00141342
26 25 0.000458148
26 26 0.0327245
26 27 0.0163604
26 84 0.010445
26 85 0.00327138
27 8 0.00681736
27 11 0.0170965
27 13 0.00867336
27 14 0.00239528
27 18 0.018429
27 20 0.00916111
27 23 0.00955755
27 24 0.00890597
27 25 0.00435337
27 26 0.0163604
27 27 0.126023
27 82 0.00360711
27 84 0.00710744
27 85 0.0125944
27 86 0.00154542
28 28 0.000442531
28 29 1.6406e-07
28 30 2.06902e-07
28 31 0.000988974
28 32 1.32678e-06
28 33 0.000261974
28 44 0.000102349
28 45 0.000161381
28 46 0.00264254
29 28 1.6406e-07
29 29 0.000172038
29 30 3.70158e-05
29 31 0.000551711
29 32 0.000105186
29 66 0.00154591
29 67 2.58669e-05
29 68 1.71513e-05
29 70 5.35018e-05
30 28 2.06902e-07
30 29 3.70158e-05
30 30 0.00041078
30 31 0.00116814
30 45 7.06574e-07
30 66 0.00239572
30 67 7.10992e-05
30 92 2.63281e-06
30 103 0.000328272
31 28 0.000988974
31 29 0.000551711
31 30 0.00116814
31 31 0.107988
31 32 0.0101136
31 33 0.00710592
31 34 0.0173604
31 45 0.00170454
31 46 0.0176167
31 66 0.0170966
31 72 0.0115091
31 92 0.00387746
31 94 0.00989148
31 103 0.00398342
31 105 0.0119329
32 28 1.32678e-06
32 29 0.000105186
32 31 0.0101136
32 32 0.0140392
32 33 0.000944936
32 34 0.0080044
32 66 0.00710835
32 70 0.000699919
32 72 0.0104455
33 28 0.000261974
33 31 0.00710592
33 32 0.000944936
33 33 0.0153085
33 34 0.0113173
33 40 0.000897327
33 42 0.00474236
33 44 0.000267964
33 46 0.0137237
34 31 0.0173604
34 32 0.0080044
34 33 0.0113173
34 34 0.0502894
34 42 0.00516153
34 46 0.0115561
34 72 0.005474
34 94 0.00419326
34 105 0.00169868
35 2 0.000434126
35 35 0.00312135
35 36 0.0017595
35 37 6.55538e-07
35 38 0.00391883
35 39 1.2573e-07
35 40 1.90402e-06
35 43 0.00686278
35 44 0.000911598
36 2 0.00145311
36 3 0.00516187
36 35 0.0017595
36 36 0.0236542
36 37 5.77863e-06
36 38 0.00851715
36 43 0.0195923
36 87 0.00317486
36 90 0.00474196
37 35 6.55538e-07
37 36 5.77863e-06
37 37 2.17239e-06
37 38 8.65178e-05
37 39 4.52931e-08
37 41 5.78466e-08
37 87 1.2281e-06
37 88 5.73789e-08
38 35 0.00391883
38 36 0.00851715
38 37 8.65178e-05
38 38 0.0950875
38 39 1.18884e-05
38 40 0.00548048
38 41 8.65097e-05
38 42 0.00851678
38 43 0.0158502
38 44 0.00949013
38 46 0.0158503
38 87 0.0054799
38 88 1.18861e-05
38 89 0.00391825
38 93 0.00948939
39 35 1.2573e-07
39 37 4.52931e-08
39 38 1.18884e-05
39 39 1.79834e-07
39 40 1.96933e-07
39 41 5.73856e-08
40 33 0.000897327
40 35 1.90402e-06
40 38 0.00548048
40 39 1.96933e-07
40 40 0.00603727
40 41 1.22818e-06
40 42 0.00317505
40 44 0.00131368
40 46 0.00952355
41 37 5.78466e-08
41 38 8.65097e-05
41 39 5.73856e-08
41 40 1.22818e-06
41 41 2.17214e-06
41 42 5.77733e-06
41 88 4.52861e-08
41 89 6.55332e-07
42 33 0.00474236
42 34 0.00516153
42 38 0.00851678
42 40 0.00317505
42 41 5.77733e-06
42 42 0.0236532
42 46 0.0195921
42 89 0.00175928
42 94 0.00145291
43 2 0.0118543
43 3 0.0115563
43 4 0.0176166
43 5 0.00562289
43 35 0.00686278
43 36 0.0195923
43 38 0.0158502
43 43 0.128573
43 44 0.0124347
43 45 0.0116776
43 46 0.01272
43 87 0.00952271
43 90 0.0137227
43 91 0.00264208
43 93 0.0113593
44 2 0.000323556
44 5 0.000273956
44 28 0.000102349
44 33 0.000267964
44 35 0.000911598
44 38 0.00949013
44 40 0.00131368
44 43 0.0124347
44 44 0.0143003
44 45 0.00139927
44 46 0.0113602
45 4 0.00170423
45 5 0.000438698
45 7 7.05811e-07
45 28 0.000161381
45 30 7.06574e-07
45 31 0.00170454
45 43 0.0116776
45 44 0.00139927
45 45 0.00693061
45 46 0.0116779
45 91 0.000161347
45 92 0.000438718
45 93 0.00139908
46 28 0.00264254
46 31 0.0176167
46 33 0.0137237
46 34 0.0115561
46 38 0.0158503
46 40 0.00952355
46 42 0.0195921
46 43 0.01272
46 44 0.0113602
46 45 0.0116779
46 46 0.128572
46 89 0.00686196
46 92 0.0056224
46 93 0.0124337
46 94 0.0118531
47 47 0.000442531
47 48 1.6406e-07
47 49 2.06902e-07
47 50 0.000988974
47 51 1.32678e-06
47 52 0.000261974
47 58 0.000102349
47 60 0.000161381
47 61 0.00264254
48 47 1.6406e-07
48 48 0.000172038
48 49 3.70158e-05
48 50 0.000551711
48 51 0.000105186
48 67 2.58669e-05
48 68 1.71513e-05
48 75 0.00154591
48 76 5.35018e-05
49 47 2.06902e-07
49 48 3.70158e-05
49 49 0.00041078
49 50 0.00116814
49 60 7.06574e-07
49 67 7.10992e-05
49 75 0.00239572
49 98 2.63281e-06
49 108 0.000328272
50 47 0.000988974
50 48 0.000551711
50 49 0.00116814
50 50 0.107988
50 51 0.0101136
50 52 0.00710592
50 53 0.0173604
50 60 0.00170454
50 61 0.0176167
50 75 0.0170966
50 77 0.0115091
50 98 0.00387746
50 101 0.00989148
50 108 0.00398342
50 109 0.0119329
51 47 1.32678e-06
51 48 0.000105186
51 50 0.0101136
51 51 0.0140392
51 52 0.000944936
51 53 0.0080044
51 75 0.00710835
51 76 0.000699919
51 77 0.0104455
52 47 0.000261974
52 50 0.00710592
52 51 0.000944936
52 52 0.0153085
52 53 0.0113173
52 58 0.000267964
52 59 0.000897327
52 61 0.0137237
52 62 0.00474236
53 50 0.0173604
53 51 0.0080044
53 52 0.0113173
53 53 0.0502894
53 61 0.0115561
53 62 0.00516153
53 77 0.005474
53 101 0.00419326
53 109 0.00169868
54 9 0.0118543
54 10 0.0115563
54 11 0.0176166
54 12 0.00562289
54 54 0.128573
54 55 0.0195923
54 56 0.00686278
54 57 0.0158502
54 58 0.0124347
54 60 0.0116776
54 61 0.01272
54 95 0.0137227
54 96 0.00952271
54 97 0.00264208
54 99 0.0113593
55 9 0.00145311
55 10 0.00516187
55 54 0.0195923
55 55 0.0236542
55 56 0.0017595
55 57 0.00851715
55 63 5.77863e-06
55 95 0.00474196
55 96 0.00317486
56 9 0.000434126
56 54 0.00686278
56 55 0.0017595
56 56 0.00312135
56 57 0.00391883
56 58 0.000911598
56 59 1.90402e-06
56 63 6.55538e-07
56 64 1.2573e-07
57 54 0.0158502
57 55 0.00851715
57 56 0.00391883
57 57 0.0950875
57 58 0.00949013
57 59 0.00548048
57 61 0.0158503
57 62 0.00851678
57 63 8.65178e-05
57 64 1.18884e-05
57 65 8.65097e-05
57 96 0.0054799
57 99 0.00948939
57 100 0.00391825
57 102 1.18861e-05
58 9 0.000323556
58 12 0.000273956
58 47 0.000102349
58 52 0.000267964
58 54 0.0124347
58 56 0.000911598
58 57 0.00949013
58 58 0.0143003
58 59 0.00131368
58 60 0.00139927
58 61 0.0113602
59 52 0.000897327
59 56 1.90402e-06
59 57 0.00548048
59 58 0.00131368
59 59 0.00603727
59 61 0.00952355
59 62 0.00317505
59 64 1.96933e-07
59 65 1.22818e-06
60 11 0.00170423
60 12 0.000438698
60 14 7.05811e-07
60 47 0.000161381
60 49 7.06574e-07
60 50 0.00170454
60 54 0.0116776
60 58 0.00139927
60 60 0.00693061
60 61 0.0116779
60 97 0.000161347
60 98 0.000438718
60 99 0.00139908
61 47 0.00264254
61 50 0.0176167
61 52 0.0137237
61 53 0.0115561
61 54 0.01272
61 57 0.0158503
61 58 0.0113602
61 59 0.00952355
61 60 0.0116779
61 61 0.128572
61 62 0.0195921
61 98 0.0056224
61 99 0.0124337
61 100 0.00686196
61 101 0.0118531
62 52 0.00474236
62 53 0.00516153
62 57 0.00851678
62 59 0.00317505
62 61 0.0195921
62 62 0.0236532
62 65 5.77733e-06
62 100 0.00175928
62 101 0.00145291
63 55 5.77863e-06
63 56 6.55538e-07
63 57 8.65178e-05
63 63 2.17239e-06
63 64 4.52931e-08
63 65 5.78466e-08
63 96 1.2281e-06
63 102 5.73789e-08
64 56 1.2573e-07
64 57 1.18884e-05
64 59 1.96933e-07
64 63 4.52931e-08
64 64 1.79834e-07
64 65 5.73856e-08
65 57 8.65097e-05
65 59 1.22818e-06
65 62 5.77733e-06
65 63 5.78466e-08
65 64 5.73856e-08
65 65 2.17214e-06
65 100 6.55332e-07
65 102 4.52861e-08
66 29 0.00154591
66 30 0.00239572
66 31 0.0170966
66 32 0.00710835
66 66 0.126023
66 67 0.00955832
66 68 0.00360766
66 69 0.0184289
66 70 0.0125955
66 72 0.0163601
66 73 0.00890487
66 103 0.00867266
66 104 0.00915987
66 105 0.00681624
66 106 0.00435234
67 29 2.58669e-05
67 30 7.10992e-05
67 48 2.58669e-05
67 49 7.10992e-05
67 66 0.00955832
67 67 0.0200424
67 68 0.0020014
67 69 0.0132498
67 75 0.00955832
67 103 0.00033207
67 104 0.00750425
67 108 0.00033207
68 29 1.71513e-05
68 48 1.71513e-05
68 66 0.00360766
68 67 0.0020014
68 68 0.00529551
68 69 0.0107387
68 70 0.000846677
68 71 2.02891e-05
68 75 0.00360766
68 76 0.000846677
69 66 0.0184289
69 67 0.0132498
69 68 0.0107387
69 69 0.0934995
69 70 0.00807136
69 71 0.000520316
69 73 0.00276493
69 74 3.32272e-06
69 75 0.0184289
69 76 0.00807136
69 78 0.00276493
69 104 0.00971915
69 106 0.000998358
69 107 2.2495e-06
69 110 0.000998358
70 29 5.35018e-05
70 32 0.000699919
70 66 0.0125955
70 68 0.000846677
70 69 0.00807136
70 70 0.00942216
70 71 2.41648e-05
70 72 0.00327141
70 73 0.00205609
71 68 2.02891e-05
71 69 0.000520316
71 70 2.41648e-05
71 71 2.88308e-05
71 73 1.14433e-06
71 74 7.01602e-08
71 76 2.41648e-05
71 78 1.14433e-06
72 31 0.0115091
72 32 0.0104455
72 34 0.005474
72 66 0.0163601
72 70 0.00327141
72 72 0.032723
72 73 0.00141319
72 105 0.00323357
72 106 0.000458011
73 66 0.00890487
73 69 0.00276493
73 70 0.00205609
73 71 1.14433e-06
73 72 0.00141319
73 73 0.00432781
73 74 1.94744e-08
73 106 0.000351118
73 107 5.59993e-09
74 69 3.32272e-06
74 71 7.01602e-08
74 73 1.94744e-08
74 74 2.86622e-08
74 78 1.94744e-08
74 107 1.48545e-09
75 48 0.00154591
75 49 0.00239572
75 50 0.0170966
75 51 0.00710835
75 67 0.00955832
75 68 0.00360766
75 69 0.0184289
75 75 0.126023
75 76 0.0125955
75 77 0.0163601
75 78 0.00890487
75 104 0.00915987
75 108 0.00867266
75 109 0.00681624
75 110 0.00435234
76 48 5.35018e-05
76 51 0.000699919
76 68 0.000846677
76 69 0.00807136
76 71 2.41648e-05
76 75 0.0125955
76 76 0.00942216
76 77 0.00327141
76 78 0.00205609
77 50 0.0115091
77 51 0.0104455
77 53 0.005474
77 75 0.0163601
77 76 0.00327141
77 77 0.032723
77 78 0.00141319
77 109 0.00323357
77 110 0.000458011
78 69 0.00276493
78 71 1.14433e-06
78 74 1.94744e-08
78 75 0.00890487
78 76 0.00205609
78 77 0.00141319
78 78 0.00432781
78 107 5.59993e-09
78 110 0.000351118
79 16 7.03297e-08
79 17 1.14642e-06
79 18 0.0005207
79 24 1.14642e-06
79 79 2.88681e-05
79 81 2.4183e-05
79 82 2.03033e-05
79 85 2.4183e-05
80 3 0.00800356
80 4 0.0101129
80 21 0.010445
80 22 0.00710744
80 80 0.0140364
80 81 0.000699745
80 83 0.000105127
80 90 0.000944664
80 91 1.32491e-06
81 17 0.00205626
81 18 0.00807058
81 21 0.00327138
81 22 0.0125944
81 79 2.4183e-05
81 80 0.000699745
81 81 0.00942043
81 82 0.00084643
81 83 5.3472e-05
82 18 0.0107372
82 22 0.00360711
82 23 0.00200107
82 27 0.00360711
82 79 2.03033e-05
82 81 0.00084643
82 82 0.00529403
82 83 1.71424e-05
82 85 0.00084643
82 86 1.71424e-05
83 4 0.000551473
83 7 3.69991e-05
83 22 0.00154542
83 23 2.58546e-05
83 80 0.000105127
83 81 5.3472e-05
83 82 1.71424e-05
83 83 0.000171952
83 91 1.63847e-07
84 10 0.00800356
84 11 0.0101129
84 26 0.010445
84 27 0.00710744
84 84 0.0140364
84 85 0.000699745
84 86 0.000105127
84 95 0.000944664
84 97 1.32491e-06
85 18 0.00807058
85 24 0.00205626
85 26 0.00327138
85 27 0.0125944
85 79 2.4183e-05
85 82 0.00084643
85 84 0.000699745
85 85 0.00942043
85 86 5.3472e-05
86 11 0.000551473
86 14 3.69991e-05
86 23 2.58546e-05
86 27 0.00154542
86 82 1.71424e-05
86 84 0.000105127
86 85 5.3472e-05
86 86 0.000171952
86 97 1.63847e-07
87 36 0.00317486
87 37 1.2281e-06
87 38 0.0054799
87 43 0.00952271
87 87 0.00603609
87 88 1.9687e-07
87 89 1.90286e-06
87 90 0.000897071
87 93 0.00131329
88 37 5.73789e-08
88 38 1.18861e-05
88 41 4.52861e-08
88 87 1.9687e-07
88 88 1.79791e-07
88 89 1.25687e-07
89 38 0.00391825
89 41 6.55332e-07
89 42 0.00175928
89 46 0.00686196
89 87 1.90286e-06
89 88 1.25687e-07
89 89 0.00312055
89 93 0.000911314
89 94 0.000433976
90 3 0.0113166
90 4 0.0071052
90 36 0.00474196
90 43 0.0137227
90 80 0.000944664
90 87 0.000897071
90 90 0.0153055
90 91 0.000261869
90 93 0.000267856
91 4 0.000988658
91 7 2.06654e-07
91 43 0.00264208
91 45 0.000161347
91 80 1.32491e-06
91 83 1.63847e-07
91 90 0.000261869
91 91 0.000442397
91 93 0.000102316
92 30 2.63281e-06
92 31 0.00387746
92 45 0.000438718
92 46 0.0056224
92 92 0.00191682
92 93 0.000273889
92 94 0.000770742
92 103 1.29828e-05
92 105 4.51567e-05
93 38 0.00948939
93 43 0.0113593
93 45 0.00139908
93 46 0.0124337
93 87 0.00131329
93 89 0.000911314
93 90 0.000267856
93 91 0.000102316
93 92 0.000273889
93 93 0.0142975
93 94 0.000323415
94 31 0.00989148
94 34 0.00419326
94 42 0.00145291
94 46 0.0118531
94 89 0.000433976
94 92 0.000770742
94 93 0.000323415
94 94 0.0107443
94 105 0.00068232
95 10 0.0113166
95 11 0.0071052
95 54 0.0137227
95 55 0.00474196
95 84 0.000944664
95 95 0.0153055
95 96 0.000897071
95 97 0.000261869
95 99 0.000267856
96 54 0.00952271
96 55 0.00317486
96 57 0.0054799
96 63 1.2281e-06
96 95 0.000897071
96 96 0.00603609
96 99 0.00131329
96 100 1.90286e-06
96 102 1.9687e-07
97 11 0.000988658
97 14 2.06654e-07
97 54 0.00264208
97 60 0.000161347
97 84 1.32491e-06
97 86 1.63847e-07
97 95 0.000261869
97 97 0.000442397
97 99 0.000102316
98 49 2.63281e-06
98 50 0.00387746
98 60 0.000438718
98 61 0.0056224
98 98 0.00191682
98 99 0.000273889
98 101 0.000770742
98 108 1.29828e-05
98 109 4.51567e-05
99 54 0.0113593
99 57 0.00948939
99 60 0.00139908
99 61 0.0124337
99 95 0.000267856
99 96 0.00131329
99 97 0.000102316
99 98 0.000273889
99 99 0.0142975
99 100 0.000911314
99 101 0.000323415
100 57 0.00391825
100 61 0.00686196
100 62 0.00175928
100 65 6.55332e-07
100 96 1.90286e-06
100 99 0.000911314
100 100 0.00312055
100 101 0.000433976
100 102 1.25687e-07
101 50 0.00989148
101 53 0.00419326
101 61 0.0118531
101 62 0.00145291
101 98 0.000770742
101 99 0.000323415
101 100 0.000433976
101 101 0.0107443
101 109 0.00068232
102 57 1.18861e-05
102 63 5.73789e-08
102 65 4.52861e-08
102 96 1.9687e-07
102 100 1.25687e-07
102 102 1.79791e-07
103 30 0.000328272
103 31 0.00398342
103 66 0.00867266
103 67 0.00033207
103 92 1.29828e-05
103 103 0.00353656
103 104 0.00044544
103 105 0.000614333
103 106 0.000105434
104 66 0.00915987
104 67 0.00750425
104 69 0.00971915
104 75 0.00915987
104 103 0.00044544
104 104 0.0124542
104 106 0.000315304
104 107 3.08493e-08
104 108 0.00044544
104 110 0.000315304
105 31 0.0119329
105 34 0.00169868
105 66 0.00681624
105 72 0.00323357
105 92 4.51567e-05
105 94 0.00068232
105 103 0.000614333
105 105 0.00788845
105 106 0.000125875
106 66 0.00435234
106 69 0.000998358
106 72 0.000458011
106 73 0.000351118
106 103 0.000105434
106 104 0.000315304
106 105 0.000125875
106 106 0.000817911
106 107 7.06445e-09
107 69 2.2495e-06
107 73 5.59993e-09
107 74 1.48545e-09
107 78 5.59993e-09
107 104 3.08493e-08
107 106 7.06445e-09
107 107 1.55484e-08
107 110 7.06445e-09
108 49 0.000328272
108 50 0.00398342
108 67 0.00033207
108 75 0.00867266
108 98 1.29828e-05
108 104 0.00044544
108 108 0.00353656
108 109 0.000614333
108 110 0.000105434
109 50 0.0119329
109 53 0.00169868
109 75 0.00681624
109 77 0.00323357
109 98 4.51567e-05
109 101 0.00068232
109 108 0.000614333
109 109 0.00788845
109 110 0.000125875
110 69 0.000998358
110 75 0.00435234
110 77 0.000458011
110 78 0.000351118
110 104 0.000315304
110 107 7.06445e-09
110 108 0.000105434
110 109 0.000125875
110 110 0.000817911
