%%MatrixMarket matrix coordinate real general
330 330 9774
1 1 1.20833
1 2 -0.0461222
1 3 0.00902352
1 4 -0.454796
1 5 0.00671426
1 6 -0.0361122
1 7 -0.0172242
1 8 0.0532715
1 9 -0.161941
1 10 0.0694573
1 11 -0.0648683
1 12 -0.214482
1 13 0.038622
1 14 -0.0107006
1 15 -0.0029242
1 16 -0.122821
1 17 0.0376765
1 18 -0.00930618
1 55 -0.192826
1 56 -0.00253835
1 57 0.0186608
1 61 -0.472466
1 62 0.00723517
1 63 0.157133
1 64 -0.0186232
1 65 0.0289126
1 66 0.245808
2 1 -0.0461222
2 2 0.7334
2 3 -0.112841
2 4 -0.0181239
2 5 -0.172698
2 6 0.033367
2 7 0.188898
2 8 -0.028503
2 9 0.0774951
2 10 -0.159571
2 11 0.0677463
2 12 -0.0371303
2 13 -0.0145088
2 14 0.0120692
2 15 0.0109872
2 16 0.0317075
2 17 -0.197797
2 18 -0.0235343
2 55 0.00090045
2 56 -0.0612646
2 57 0.0248786
2 61 -0.027709
2 62 -0.284702
2 63 0.25986
2 64 0.0541096
2 65 0.028935
2 66 -0.199601
3 1 0.00902352
3 2 -0.112841
3 3 0.840297
3 4 0.0327526
3 5 0.0309788
3 6 -0.0685103
3 7 -0.0977864
3 8 0.0239166
3 9 -0.0298801
3 10 0.0189553
3 11 -0.048428
3 12 0.0958571
3 13 0.00546182
3 14 0.0117483
3 15 0.0203078
3 16 -0.0277358
3 17 -0.0247654
3 18 -0.0235674
3 55 -0.0347209
3 56 0.0365659
3 57 -0.0581629
3 61 0.124509
3 62 0.28781
3 63 -0.653339
3 64 -0.0245998
3 65 -0.171503
3 66 0.0316214
4 1 -0.454796
4 2 -0.0181239
4 3 0.0327526
4 4 1.43952
4 5 0.0792482
4 6 0.0107826
4 7 -0.461614
4 8 -0.0914104
4 9 0.150551
4 10 0.0800683
4 11 0.0818618
4 12 0.199345
4 13 -0.160632
4 14 0.0453458
4 15 0.0202526
4 103 -0.340552
4 104 -0.0283523
4 105 -0.0279192
4 106 -0.0455796
4 107 0.0472268
4 108 -0.141872
4 127 -0.0302079
4 128 -0.0712007
4 129 -0.21999
4 130 0.0169228
4 131 -0.052119
4 132 -0.0295505
5 1 0.00671426
5 2 -0.172698
5 3 0.0309788
5 4 0.0792482
5 5 0.909071
5 6 -0.0717431
5 7 -0.211997
5 8 -0.347206
5 9 0.301238
5 10 0.150128
5 11 0.0740005
5 12 -0.177012
5 13 0.00986524
5 14 -0.248156
5 15 -0.0620524
5 103 -0.0119065
5 104 -0.13924
5 105 0.0316178
5 106 0.110379
5 107 -0.0115159
5 108 0.0462816
5 127 -0.0830971
5 128 0.0137438
5 129 -0.077439
5 130 -0.0568578
5 131 0.0273774
5 132 0.0137985
6 1 -0.0361122
6 2 0.033367
6 3 -0.0685103
6 4 0.0107826
6 5 -0.0717431
6 6 0.866907
6 7 0.0758257
6 8 0.291228
6 9 -0.597276
6 10 -0.0226345
6 11 -0.218975
6 12 0.0429245
6 13 -0.00258363
6 14 -0.0665271
6 15 -0.032722
6 103 0.0307432
6 104 0.0462702
6 105 -0.0526638
6 106 -0.10755
6 107 0.0323095
6 108 -0.0704779
6 127 0.0455104
6 128 -0.0374037
6 129 0.0962952
6 130 0.000370142
6 131 0.0271411
6 132 0.0205035
7 1 -0.0172242
7 2 0.188898
7 3 -0.0977864
7 4 -0.461614
7 5 -0.211997
7 6 0.0758257
7 7 4.26545
7 8 -0.238467
7 9 -0.258887
7 10 -1.11851
7 11 0.450594
7 12 -0.235002
7 61 -1.26433
7 62 0.411891
7 63 0.077845
7 106 -0.995967
7 107 -0.146013
7 108 0.179068
7 127 -0.274703
7 128 -0.477012
7 129 0.252724
7 238 -0.0924773
7 239 0.208045
7 240 0.0184432
7 268 0.0826845
7 269 -0.205917
7 270 -0.00824079
8 1 0.0532715
8 2 -0.028503
8 3 0.0239166
8 4 -0.0914104
8 5 -0.347206
8 6 0.291228
8 7 -0.238467
8 8 2.97155
8 9 -0.471152
8 10 0.195953
8 11 -1.56232
8 12 0.423359
8 61 0.0837231
8 62 -0.266024
8 63 -0.0930105
8 106 0.133745
8 107 -0.174265
8 108 -0.10008
8 127 -0.161404
8 128 -0.0759711
8 129 0.141341
8 238 0.113859
8 239 -0.105345
8 240 -0.19694
8 268 -0.109247
8 269 0.077966
8 270 -0.0811844
9 1 -0.161941
9 2 0.0774951
9 3 -0.0298801
9 4 0.150551
9 5 0.301238
9 6 -0.597276
9 7 -0.258887
9 8 -0.471152
9 9 2.16948
9 10 -0.173021
9 11 0.508846
9 12 -0.477619
9 61 0.182517
9 62 -0.141559
9 63 -0.328882
9 106 0.110382
9 107 -0.0949237
9 108 -0.266958
9 127 0.15309
9 128 0.124266
9 129 -0.111956
9 238 0.221904
9 239 -0.238415
9 240 -0.0703843
9 268 -0.220607
9 269 -0.128316
9 270 0.108172
10 1 0.0694573
10 2 -0.159571
10 3 0.0189553
10 4 0.0800683
10 5 0.150128
10 6 -0.0226345
10 7 -1.11851
10 8 0.195953
10 9 -0.173021
10 10 7.54332
10 11 -0.433531
10 12 -0.455775
10 13 -0.422152
10 14 -0.0362634
10 15 0.0556291
10 16 -0.00659499
10 17 -0.00588224
10 18 -0.0308464
10 19 -0.27163
10 20 0.0329614
10 21 -0.00676517
10 61 0.104599
10 62 -0.204048
10 63 0.149984
10 64 -2.6245
10 65 0.26289
10 66 0.317537
10 127 -2.36129
10 128 0.219908
10 129 0.112633
10 133 -0.0713663
10 134 -0.0285265
10 135 0.0489865
10 238 -0.550764
10 239 -0.155586
10 240 0.0783768
10 247 -0.0410496
10 248 -0.00476159
10 249 0.0170856
10 268 -0.00866509
10 269 0.196315
10 270 -0.106791
10 271 -0.0703098
10 272 -0.0179187
10 273 -0.0118666
11 1 -0.0648683
11 2 0.0677463
11 3 -0.048428
11 4 0.0818618
11 5 0.0740005
11 6 -0.218975
11 7 0.450594
11 8 -1.56232
11 9 0.508846
11 10 -0.433531
11 11 3.84668
11 12 -0.37186
11 13 -0.0697866
11 14 -0.122727
11 15 -0.122788
11 16 -0.00596954
11 17 0.0411742
11 18 0.0210126
11 19 0.0768088
11 20 -0.153494
11 21 -0.0201836
11 61 -0.426885
11 62 0.0304799
11 63 0.140197
11 64 0.759854
11 65 -0.481382
11 66 -0.129423
11 127 -0.312268
11 128 -0.476328
11 129 -0.0673691
11 133 -0.0818028
11 134 0.0159907
11 135 0.0356176
11 238 -0.0494127
11 239 -0.263266
11 240 0.207444
11 247 -0.00292142
11 248 -0.0342537
11 249 -0.0211052
11 268 0.123231
11 269 0.00615955
11 270 0.120854
11 271 -0.0328378
11 272 -0.00942034
11 273 0.00785432
12 1 -0.214482
12 2 -0.0371303
12 3 0.0958571
12 4 0.199345
12 5 -0.177012
12 6 0.0429245
12 7 -0.235002
12 8 0.423359
12 9 -0.477619
12 10 -0.455775
12 11 -0.37186
12 12 4.22264
12 13 0.228304
12 14 -0.0785145
12 15 -0.642574
12 16 -0.239065
12 17 0.0632895
12 18 0.0681008
12 19 -0.0478929
12 20 -0.0126989
12 21 -0.230915
12 61 0.262456
12 62 0.144616
12 63 0.00253723
12 64 0.199122
12 65 -0.118061
12 66 -0.82085
12 127 0.244008
12 128 -0.0400787
12 129 -0.722576
12 133 0.0771723
12 134 0.0539388
12 135 0.0389452
12 238 0.289854
12 239 0.161922
12 240 -0.8417
12 247 0.0506977
12 248 -0.0291674
12 249 0.0172338
12 268 -0.307571
12 269 0.0708789
12 270 0.00178881
12 271 -0.059683
12 272 -0.0117887
12 273 -0.0309303
13 1 0.038622
13 2 -0.0145088
13 3 0.00546182
13 4 -0.160632
13 5 0.00986524
13 6 -0.00258363
13 10 -0.422152
13 11 -0.0697866
13 12 0.228304
13 13 0.808724
13 14 0.0267154
13 15 -0.116359
13 16 -0.084491
13 17 0.0155954
13 18 0.0327499
13 19 0.0162622
13 20 0.00120945
13 21 0.00800754
13 127 0.188096
13 128 0.0554099
13 129 -0.188169
13 130 -0.30684
13 131 -0.00324184
13 132 0.0792238
13 133 -0.0616063
13 134 -0.0300431
13 135 -0.0413522
14 1 -0.0107006
14 2 0.0120692
14 3 0.0117483
14 4 0.0453458
14 5 -0.248156
14 6 -0.0665271
14 10 -0.0362634
14 11 -0.122727
14 12 -0.0785145
14 13 0.0267154
14 14 0.461897
14 15 0.218805
14 16 0.00931135
14 17 -0.00950871
14 18 -0.0197443
14 19 0.00110465
14 20 0.0211582
14 21 -0.00190018
14 127 0.00527473
14 128 0.0786835
14 129 0.0345903
14 130 -0.00301741
14 131 -0.113747
14 132 -0.0833235
14 133 -0.0465555
14 134 -0.019752
14 135 -0.0421442
15 1 -0.0029242
15 2 0.0109872
15 3 0.0203078
15 4 0.0202526
15 5 -0.0620524
15 6 -0.032722
15 10 0.0556291
15 11 -0.122788
15 12 -0.642574
15 13 -0.116359
15 14 0.218805
15 15 0.754656
15 16 0.00799617
15 17 -0.0176499
15 18 -0.0453686
15 19 0.00211883
15 20 -0.00157182
15 21 0.0153449
15 127 -0.056557
15 128 0.0548798
15 129 0.149044
15 130 0.112565
15 131 -0.0668357
15 132 -0.10995
15 133 -0.0174384
15 134 -0.0407842
15 135 -0.0710929
16 1 -0.122821
16 2 0.0317075
16 3 -0.0277358
16 10 -0.00659499
16 11 -0.00596954
16 12 -0.239065
16 13 -0.084491
16 14 0.00931135
16 15 0.00799617
16 16 0.776851
16 17 -0.156026
16 18 0.0320042
16 19 -0.043908
16 20 0.0116148
16 21 -0.00717589
16 55 0.0606428
16 56 -0.0300831
16 57 0.0124409
16 58 -0.27157
16 59 0.0901439
16 60 0.0172999
16 64 -0.245895
16 65 0.0222771
16 66 0.140957
16 67 -0.0360813
16 68 0.0416453
16 69 0.0501118
17 1 0.0376765
17 2 -0.197797
17 3 -0.0247654
17 10 -0.00588224
17 11 0.0411742
17 12 0.0632895
17 13 0.0155954
17 14 -0.00950871
17 15 -0.0176499
17 16 -0.156026
17 17 0.512888
17 18 0.207695
17 19 0.010432
17 20 -0.0138398
17 21 -0.0242921
17 55 -0.04962
17 56 0.0616656
17 57 0.0265721
17 58 0.0718978
17 59 -0.159909
17 60 -0.0819561
17 64 0.0294231
17 65 -0.0822209
17 66 -0.106228
17 67 0.0611248
17 68 -0.081137
17 69 -0.079572
18 1 -0.00930618
18 2 -0.0235343
18 3 -0.0235674
18 10 -0.0308464
18 11 0.0210126
18 12 0.0681008
18 13 0.0327499
18 14 -0.0197443
18 15 -0.0453686
18 16 0.0320042
18 17 0.207695
18 18 0.737915
18 19 -0.0147037
18 20 -0.0403837
18 21 -0.0777927
18 55 -0.00985023
18 56 0.0157129
18 57 0.0260408
18 58 -0.00415169
18 59 -0.0566905
18 60 -0.0552693
18 64 -0.0135022
18 65 -0.102281
18 66 -0.543235
18 67 0.00443882
18 68 -0.038693
18 69 -0.0263071
19 10 -0.27163
19 11 0.0768088
19 12 -0.0478929
19 13 0.0162622
19 14 0.00110465
19 15 0.00211883
19 16 -0.043908
19 17 0.010432
19 18 -0.0147037
19 19 0.382977
19 20 -0.0854712
19 21 -0.00419786
19 64 0.167176
19 65 -0.0912554
19 66 0.0469184
19 67 -0.113276
19 68 0.0690734
19 69 0.00713492
19 133 -0.0449151
19 134 0.0011264
19 135 0.00019166
19 247 -0.0947458
19 248 0.0239179
19 249 0.0114168
19 271 0.00887409
19 272 0.000225024
19 273 -0.00159975
20 10 0.0329614
20 11 -0.153494
20 12 -0.0126989
20 13 0.00120945
20 14 0.0211582
20 15 -0.00157182
20 16 0.0116148
20 17 -0.0138398
20 18 -0.0403837
20 19 -0.0854712
20 20 0.206693
20 21 -0.00881982
20 64 -0.061281
20 65 0.0520985
20 66 0.0435762
20 67 0.0819305
20 68 -0.058804
20 69 -0.0164518
20 133 0.00096679
20 134 -0.0265034
20 135 -0.000290489
20 247 0.0239259
20 248 -0.010231
20 249 0.0349422
20 271 0.000104963
20 272 0.0089507
20 273 3.70287e-06
21 10 -0.00676517
21 11 -0.0201836
21 12 -0.230915
21 13 0.00800754
21 14 -0.00190018
21 15 0.0153449
21 16 -0.00717589
21 17 -0.0242921
21 18 -0.0777927
21 19 -0.00419786
21 20 -0.00881982
21 21 0.478864
21 64 0.00714674
21 65 0.0327691
21 66 0.122875
21 67 -0.00617223
21 68 -0.00833479
21 69 -0.0711254
21 133 0.0025022
21 134 -0.000381934
21 135 -0.0354736
21 247 0.0085919
21 248 0.0293255
21 249 -0.20473
21 271 -0.00255084
21 272 0.000123505
21 273 0.00877243
22 22 0.7334
22 23 -0.0461222
22 24 -0.112841
22 25 -0.172698
22 26 -0.0181239
22 27 0.033367
22 28 -0.028503
22 29 0.188898
22 30 0.0774951
22 31 0.0677463
22 32 -0.159571
22 33 -0.0371303
22 34 0.0120692
22 35 -0.0145088
22 36 0.0109872
22 37 -0.197797
22 38 0.0317075
22 39 -0.0235343
22 73 -0.0612646
22 74 0.00090045
22 75 0.0248786
22 76 -0.284702
22 77 -0.027709
22 78 0.25986
22 79 0.028935
22 80 0.0541096
22 81 -0.199601
23 22 -0.0461222
23 23 1.20833
23 24 0.00902352
23 25 0.00671426
23 26 -0.454796
23 27 -0.0361122
23 28 0.0532715
23 29 -0.0172242
23 30 -0.161941
23 31 -0.0648683
23 32 0.0694573
23 33 -0.214482
23 34 -0.0107006
23 35 0.038622
23 36 -0.0029242
23 37 0.0376765
23 38 -0.122821
23 39 -0.00930618
23 73 -0.00253835
23 74 -0.192826
23 75 0.0186608
23 76 0.00723517
23 77 -0.472466
23 78 0.157133
23 79 0.0289126
23 80 -0.0186232
23 81 0.245808
24 22 -0.112841
24 23 0.00902352
24 24 0.840297
24 25 0.0309788
24 26 0.0327526
24 27 -0.0685103
24 28 0.0239166
24 29 -0.0977864
24 30 -0.0298801
24 31 -0.048428
24 32 0.0189553
24 33 0.0958571
24 34 0.0117483
24 35 0.00546182
24 36 0.0203078
24 37 -0.0247654
24 38 -0.0277358
24 39 -0.0235674
24 73 0.0365659
24 74 -0.0347209
24 75 -0.0581629
24 76 0.28781
24 77 0.124509
24 78 -0.653339
24 79 -0.171503
24 80 -0.0245998
24 81 0.0316214
25 22 -0.172698
25 23 0.00671426
25 24 0.0309788
25 25 0.909071
25 26 0.0792482
25 27 -0.0717431
25 28 -0.347206
25 29 -0.211997
25 30 0.301238
25 31 0.0740005
25 32 0.150128
25 33 -0.177012
25 34 -0.248156
25 35 0.00986524
25 36 -0.0620524
25 160 0.0137438
25 161 -0.0830971
25 162 -0.077439
25 163 -0.0115159
25 164 0.110379
25 165 0.0462816
25 166 -0.13924
25 167 -0.0119065
25 168 0.0316178
25 172 0.0273774
25 173 -0.0568578
25 174 0.0137985
26 22 -0.0181239
26 23 -0.454796
26 24 0.0327526
26 25 0.0792482
26 26 1.43952
26 27 0.0107826
26 28 -0.0914104
26 29 -0.461614
26 30 0.150551
26 31 0.0818618
26 32 0.0800683
26 33 0.199345
26 34 0.0453458
26 35 -0.160632
26 36 0.0202526
26 160 -0.0712007
26 161 -0.0302079
26 162 -0.21999
26 163 0.0472268
26 164 -0.0455796
26 165 -0.141872
26 166 -0.0283523
26 167 -0.340552
26 168 -0.0279192
26 172 -0.052119
26 173 0.0169228
26 174 -0.0295505
27 22 0.033367
27 23 -0.0361122
27 24 -0.0685103
27 25 -0.0717431
27 26 0.0107826
27 27 0.866907
27 28 0.291228
27 29 0.0758257
27 30 -0.597276
27 31 -0.218975
27 32 -0.0226345
27 33 0.0429245
27 34 -0.0665271
27 35 -0.00258363
27 36 -0.032722
27 160 -0.0374037
27 161 0.0455104
27 162 0.0962952
27 163 0.0323095
27 164 -0.10755
27 165 -0.0704779
27 166 0.0462702
27 167 0.0307432
27 168 -0.0526638
27 172 0.0271411
27 173 0.000370142
27 174 0.0205035
28 22 -0.028503
28 23 0.0532715
28 24 0.0239166
28 25 -0.347206
28 26 -0.0914104
28 27 0.291228
28 28 2.97155
28 29 -0.238467
28 30 -0.471152
28 31 -1.56232
28 32 0.195953
28 33 0.423359
28 76 -0.266024
28 77 0.0837231
28 78 -0.0930105
28 160 -0.0759711
28 161 -0.161404
28 162 0.141341
28 163 -0.174265
28 164 0.133745
28 165 -0.10008
28 250 -0.105345
28 251 0.113859
28 252 -0.19694
28 283 0.077966
28 284 -0.109247
28 285 -0.0811844
29 22 0.188898
29 23 -0.0172242
29 24 -0.0977864
29 25 -0.211997
29 26 -0.461614
29 27 0.0758257
29 28 -0.238467
29 29 4.26545
29 30 -0.258887
29 31 0.450594
29 32 -1.11851
29 33 -0.235002
29 76 0.411891
29 77 -1.26433
29 78 0.077845
29 160 -0.477012
29 161 -0.274703
29 162 0.252724
29 163 -0.146013
29 164 -0.995967
29 165 0.179068
29 250 0.208045
29 251 -0.0924773
29 252 0.0184432
29 283 -0.205917
29 284 0.0826845
29 285 -0.00824079
30 22 0.0774951
30 23 -0.161941
30 24 -0.0298801
30 25 0.301238
30 26 0.150551
30 27 -0.597276
30 28 -0.471152
30 29 -0.258887
30 30 2.16948
30 31 0.508846
30 32 -0.173021
30 33 -0.477619
30 76 -0.141559
30 77 0.182517
30 78 -0.328882
30 160 0.124266
30 161 0.15309
30 162 -0.111956
30 163 -0.0949237
30 164 0.110382
30 165 -0.266958
30 250 -0.238415
30 251 0.221904
30 252 -0.0703843
30 283 -0.128316
30 284 -0.220607
30 285 0.108172
31 22 0.0677463
31 23 -0.0648683
31 24 -0.048428
31 25 0.0740005
31 26 0.0818618
31 27 -0.218975
31 28 -1.56232
31 29 0.450594
31 30 0.508846
31 31 3.84668
31 32 -0.433531
31 33 -0.37186
31 34 -0.122727
31 35 -0.0697866
31 36 -0.122788
31 37 0.0411742
31 38 -0.00596954
31 39 0.0210126
31 40 -0.153494
31 41 0.0768088
31 42 -0.0201836
31 76 0.0304799
31 77 -0.426885
31 78 0.140197
31 79 -0.481382
31 80 0.759854
31 81 -0.129423
31 160 -0.476328
31 161 -0.312268
31 162 -0.0673691
31 178 0.0159907
31 179 -0.0818028
31 180 0.0356176
31 250 -0.263266
31 251 -0.0494127
31 252 0.207444
31 256 -0.0342537
31 257 -0.00292142
31 258 -0.0211052
31 283 0.00615955
31 284 0.123231
31 285 0.120854
31 289 -0.00942034
31 290 -0.0328378
31 291 0.00785432
32 22 -0.159571
32 23 0.0694573
32 24 0.0189553
32 25 0.150128
32 26 0.0800683
32 27 -0.0226345
32 28 0.195953
32 29 -1.11851
32 30 -0.173021
32 31 -0.433531
32 32 7.54332
32 33 -0.455775
32 34 -0.0362634
32 35 -0.422152
32 36 0.0556291
32 37 -0.00588224
32 38 -0.00659499
32 39 -0.0308464
32 40 0.0329614
32 41 -0.27163
32 42 -0.00676517
32 76 -0.204048
32 77 0.104599
32 78 0.149984
32 79 0.26289
32 80 -2.6245
32 81 0.317537
32 160 0.219908
32 161 -2.36129
32 162 0.112633
32 178 -0.0285265
32 179 -0.0713663
32 180 0.0489865
32 250 -0.155586
32 251 -0.550764
32 252 0.0783768
32 256 -0.00476159
32 257 -0.0410496
32 258 0.0170856
32 283 0.196315
32 284 -0.00866509
32 285 -0.106791
32 289 -0.0179187
32 290 -0.0703098
32 291 -0.0118666
33 22 -0.0371303
33 23 -0.214482
33 24 0.0958571
33 25 -0.177012
33 26 0.199345
33 27 0.0429245
33 28 0.423359
33 29 -0.235002
33 30 -0.477619
33 31 -0.37186
33 32 -0.455775
33 33 4.22264
33 34 -0.0785145
33 35 0.228304
33 36 -0.642574
33 37 0.0632895
33 38 -0.239065
33 39 0.0681008
33 40 -0.0126989
33 41 -0.0478929
33 42 -0.230915
33 76 0.144616
33 77 0.262456
33 78 0.00253723
33 79 -0.118061
33 80 0.199122
33 81 -0.82085
33 160 -0.0400787
33 161 0.244008
33 162 -0.722576
33 178 0.0539388
33 179 0.0771723
33 180 0.0389452
33 250 0.161922
33 251 0.289854
33 252 -0.8417
33 256 -0.0291674
33 257 0.0506977
33 258 0.0172338
33 283 0.0708789
33 284 -0.307571
33 285 0.00178881
33 289 -0.0117887
33 290 -0.059683
33 291 -0.0309303
34 22 0.0120692
34 23 -0.0107006
34 24 0.0117483
34 25 -0.248156
34 26 0.0453458
34 27 -0.0665271
34 31 -0.122727
34 32 -0.0362634
34 33 -0.0785145
34 34 0.461897
34 35 0.0267154
34 36 0.218805
34 37 -0.00950871
34 38 0.00931135
34 39 -0.0197443
34 40 0.0211582
34 41 0.00110465
34 42 -0.00190018
34 160 0.0786835
34 161 0.00527473
34 162 0.0345903
34 172 -0.113747
34 173 -0.00301741
34 174 -0.0833235
34 178 -0.019752
34 179 -0.0465555
34 180 -0.0421442
35 22 -0.0145088
35 23 0.038622
35 24 0.00546182
35 25 0.00986524
35 26 -0.160632
35 27 -0.00258363
35 31 -0.0697866
35 32 -0.422152
35 33 0.228304
35 34 0.0267154
35 35 0.808724
35 36 -0.116359
35 37 0.0155954
35 38 -0.084491
35 39 0.0327499
35 40 0.00120945
35 41 0.0162622
35 42 0.00800754
35 160 0.0554099
35 161 0.188096
35 162 -0.188169
35 172 -0.00324184
35 173 -0.30684
35 174 0.0792238
35 178 -0.0300431
35 179 -0.0616063
35 180 -0.0413522
36 22 0.0109872
36 23 -0.0029242
36 24 0.0203078
36 25 -0.0620524
36 26 0.0202526
36 27 -0.032722
36 31 -0.122788
36 32 0.0556291
36 33 -0.642574
36 34 0.218805
36 35 -0.116359
36 36 0.754656
36 37 -0.0176499
36 38 0.00799617
36 39 -0.0453686
36 40 -0.00157182
36 41 0.00211883
36 42 0.0153449
36 160 0.0548798
36 161 -0.056557
36 162 0.149044
36 172 -0.0668357
36 173 0.112565
36 174 -0.10995
36 178 -0.0407842
36 179 -0.0174384
36 180 -0.0710929
37 22 -0.197797
37 23 0.0376765
37 24 -0.0247654
37 31 0.0411742
37 32 -0.00588224
37 33 0.0632895
37 34 -0.00950871
37 35 0.0155954
37 36 -0.0176499
37 37 0.512888
37 38 -0.156026
37 39 0.207695
37 40 -0.0138398
37 41 0.010432
37 42 -0.0242921
37 58 -0.159909
37 59 0.0718978
37 60 -0.0819561
37 67 -0.081137
37 68 0.0611248
37 69 -0.079572
37 73 0.0616656
37 74 -0.04962
37 75 0.0265721
37 79 -0.0822209
37 80 0.0294231
37 81 -0.106228
38 22 0.0317075
38 23 -0.122821
38 24 -0.0277358
38 31 -0.00596954
38 32 -0.00659499
38 33 -0.239065
38 34 0.00931135
38 35 -0.084491
38 36 0.00799617
38 37 -0.156026
38 38 0.776851
38 39 0.0320042
38 40 0.0116148
38 41 -0.043908
38 42 -0.00717589
38 58 0.0901439
38 59 -0.27157
38 60 0.0172999
38 67 0.0416453
38 68 -0.0360813
38 69 0.0501118
38 73 -0.0300831
38 74 0.0606428
38 75 0.0124409
38 79 0.0222771
38 80 -0.245895
38 81 0.140957
39 22 -0.0235343
39 23 -0.00930618
39 24 -0.0235674
39 31 0.0210126
39 32 -0.0308464
39 33 0.0681008
39 34 -0.0197443
39 35 0.0327499
39 36 -0.0453686
39 37 0.207695
39 38 0.0320042
39 39 0.737915
39 40 -0.0403837
39 41 -0.0147037
39 42 -0.0777927
39 58 -0.0566905
39 59 -0.00415169
39 60 -0.0552693
39 67 -0.038693
39 68 0.00443882
39 69 -0.0263071
39 73 0.0157129
39 74 -0.00985023
39 75 0.0260408
39 79 -0.102281
39 80 -0.0135022
39 81 -0.543235
40 31 -0.153494
40 32 0.0329614
40 33 -0.0126989
40 34 0.0211582
40 35 0.00120945
40 36 -0.00157182
40 37 -0.0138398
40 38 0.0116148
40 39 -0.0403837
40 40 0.206693
40 41 -0.0854712
40 42 -0.00881982
40 67 -0.058804
40 68 0.0819305
40 69 -0.0164518
40 79 0.0520985
40 80 -0.061281
40 81 0.0435762
40 178 -0.0265034
40 179 0.00096679
40 180 -0.000290489
40 256 -0.010231
40 257 0.0239259
40 258 0.0349422
40 289 0.0089507
40 290 0.000104963
40 291 3.70287e-06
41 31 0.0768088
41 32 -0.27163
41 33 -0.0478929
41 34 0.00110465
41 35 0.0162622
41 36 0.00211883
41 37 0.010432
41 38 -0.043908
41 39 -0.0147037
41 40 -0.0854712
41 41 0.382977
41 42 -0.00419786
41 67 0.0690734
41 68 -0.113276
41 69 0.00713492
41 79 -0.0912554
41 80 0.167176
41 81 0.0469184
41 178 0.0011264
41 179 -0.0449151
41 180 0.00019166
41 256 0.0239179
41 257 -0.0947458
41 258 0.0114168
41 289 0.000225024
41 290 0.00887409
41 291 -0.00159975
42 31 -0.0201836
42 32 -0.00676517
42 33 -0.230915
42 34 -0.00190018
42 35 0.00800754
42 36 0.0153449
42 37 -0.0242921
42 38 -0.00717589
42 39 -0.0777927
42 40 -0.00881982
42 41 -0.00419786
42 42 0.478864
42 67 -0.00833479
42 68 -0.00617223
42 69 -0.0711254
42 79 0.0327691
42 80 0.00714674
42 81 0.122875
42 178 -0.000381934
42 179 0.0025022
42 180 -0.0354736
42 256 0.0293255
42 257 0.0085919
42 258 -0.20473
42 289 0.000123505
42 290 -0.00255084
42 291 0.00877243
43 43 0.0394889
43 44 0.000867348
43 45 0.000193207
43 46 0.00304978
43 47 0.000105084
43 48 -4.10921e-05
43 49 0.00627494
43 50 -0.000121166
43 51 -0.000153797
43 52 -0.0453593
43 53 0.000123996
43 54 -9.12335e-05
43 55 -0.00394321
43 56 -0.000362194
43 57 -4.39489e-05
43 58 -0.00363735
43 59 -0.0003832
43 60 -9.00538e-06
43 70 0.00621847
43 71 -6.39395e-05
43 72 0.000142712
43 73 -0.00208399
43 74 -0.000167642
43 75 2.56496e-06
44 43 0.000867348
44 44 0.0394889
44 45 0.000193207
44 46 0.000105084
44 47 0.00304978
44 48 -4.10921e-05
44 49 -6.39395e-05
44 50 0.00621847
44 51 0.000142712
44 52 0.000123996
44 53 -0.0453593
44 54 -9.12335e-05
44 55 -0.000167642
44 56 -0.00208399
44 57 2.56496e-06
44 58 -0.0003832
44 59 -0.00363735
44 60 -9.00538e-06
44 70 -0.000121166
44 71 0.00627494
44 72 -0.000153797
44 73 -0.000362194
44 74 -0.00394321
44 75 -4.39489e-05
45 43 0.000193207
45 44 0.000193207
45 45 0.0392811
45 46 -0.000134218
45 47 -0.000134218
45 48 0.00297183
45 49 -0.000212166
45 50 6.52204e-05
45 51 0.00627665
45 52 -0.0011982
45 53 -0.0011982
45 54 -0.0455359
45 55 0.000115974
45 56 -7.27082e-06
45 57 -0.00292131
45 58 0.00117686
45 59 0.00117686
45 60 -0.00342378
45 70 6.52204e-05
45 71 -0.000212166
45 72 0.00627665
45 73 -7.27082e-06
45 74 0.000115974
45 75 -0.00292131
46 43 0.00304978
46 44 0.000105084
46 45 -0.000134218
46 46 0.0416181
46 47 -0.00176638
46 48 0.000337553
46 49 -0.000943473
46 50 0.00112049
46 51 5.66861e-06
46 52 -0.0538943
46 53 -0.000445843
46 54 0.000169314
46 70 0.00255564
46 71 0.00109533
46 72 -0.000366365
46 235 0.00762714
46 236 -0.000103839
46 237 -1.3292e-05
47 43 0.000105084
47 44 0.00304978
47 45 -0.000134218
47 46 -0.00176638
47 47 0.0416181
47 48 0.000337553
47 49 0.00109533
47 50 0.00255564
47 51 -0.000366365
47 52 -0.000445843
47 53 -0.0538943
47 54 0.000169314
47 70 0.00112049
47 71 -0.000943473
47 72 5.66861e-06
47 235 -0.000103839
47 236 0.00762714
47 237 -1.3292e-05
48 43 -4.10921e-05
48 44 -4.10921e-05
48 45 0.00297183
48 46 0.000337553
48 47 0.000337553
48 48 0.0413633
48 49 7.48491e-05
48 50 -0.000379452
48 51 0.000995064
48 52 0.00108771
48 53 0.00108771
48 54 -0.0538608
48 70 -0.000379452
48 71 7.48491e-05
48 72 0.000995064
48 235 -0.00108091
48 236 -0.00108091
48 237 0.00754021
49 43 0.00627494
49 44 -6.39395e-05
49 45 -0.000212166
49 46 -0.000943473
49 47 0.00109533
49 48 7.48491e-05
49 49 1.03278
49 50 -0.334684
49 51 0.0086457
49 52 -0.49969
49 53 0.465803
49 54 -0.176457
49 55 -0.15233
49 56 0.0760003
49 57 0.00803951
49 61 -0.612984
49 62 0.147993
49 63 0.102312
49 64 0.256344
49 65 -0.274527
49 66 0.0943913
49 235 0.00683926
49 236 0.00792084
49 237 -0.00131463
49 241 0.0115659
49 242 -0.0530582
49 243 -0.0497631
50 43 -0.000121166
50 44 0.00621847
50 45 6.52204e-05
50 46 0.00112049
50 47 0.00255564
50 48 -0.000379452
50 49 -0.334684
50 50 0.783873
50 51 0.0534209
50 52 0.278118
50 53 -0.686542
50 54 0.0309969
50 55 0.0755576
50 56 -0.08505
50 57 0.0087278
50 61 0.234219
50 62 -0.138349
50 63 -0.118607
50 64 -0.199818
50 65 0.214409
50 66 0.0633998
50 235 0.00862333
50 236 0.00299519
50 237 -0.00481165
50 241 -0.0265363
50 242 -0.0205529
50 243 -0.0517555
51 43 -0.000153797
51 44 0.000142712
51 45 0.00627665
51 46 5.66861e-06
51 47 -0.000366365
51 48 0.000995064
51 49 0.0086457
51 50 0.0534209
51 51 0.871848
51 52 -0.0974126
51 53 0.00200828
51 54 -0.328404
51 55 0.0273288
51 56 0.0375615
51 57 -0.400217
51 61 0.0522787
51 62 -0.0753811
51 63 -0.254221
51 64 0.077819
51 65 0.084447
51 66 0.209922
51 235 0.00341052
51 236 -0.00786848
51 237 0.00530377
51 241 -0.0862051
51 242 -0.112908
51 243 -0.0652769
52 43 -0.0453593
52 44 0.000123996
52 45 -0.0011982
52 46 -0.0538943
52 47 -0.000445843
52 48 0.00108771
52 49 -0.49969
52 50 0.278118
52 51 -0.0974126
52 52 5.80293
52 53 -2.06821
52 54 -0.249246
52 55 -0.0165252
52 56 0.0082743
52 57 0.0224175
52 58 -0.550888
52 59 0.00412469
52 60 0.269366
52 64 -2.24098
52 65 0.815946
52 66 0.362548
52 67 0.421953
52 68 -0.570072
52 69 0.157742
52 70 -0.686542
52 71 0.465803
52 72 0.00200828
52 73 -0.0216571
52 74 0.172913
52 75 -0.116615
52 79 -1.4736
52 80 0.97678
52 81 -0.216762
52 235 -0.133091
52 236 -0.0105824
52 237 -0.0058493
52 241 -0.149615
52 242 0.0989185
52 243 -0.069692
52 244 0.119856
52 245 -0.226031
52 246 -0.0832993
52 253 -0.0230003
52 254 0.267974
52 255 0.0245917
53 43 0.000123996
53 44 -0.0453593
53 45 -0.0011982
53 46 -0.000445843
53 47 -0.0538943
53 48 0.00108771
53 49 0.465803
53 50 -0.686542
53 51 0.00200828
53 52 -2.06821
53 53 5.80293
53 54 -0.249246
53 55 0.172913
53 56 -0.0216571
53 57 -0.116615
53 58 0.00412469
53 59 -0.550888
53 60 0.269366
53 64 0.97678
53 65 -1.4736
53 66 -0.216762
53 67 -0.570072
53 68 0.421953
53 69 0.157742
53 70 0.278118
53 71 -0.49969
53 72 -0.0974126
53 73 0.0082743
53 74 -0.0165252
53 75 0.0224175
53 79 0.815946
53 80 -2.24098
53 81 0.362548
53 235 -0.0105824
53 236 -0.133091
53 237 -0.0058493
53 241 0.267974
53 242 -0.0230003
53 243 0.0245917
53 244 -0.226031
53 245 0.119856
53 246 -0.0832993
53 253 0.0989185
53 254 -0.149615
53 255 -0.069692
54 43 -9.12335e-05
54 44 -9.12335e-05
54 45 -0.0455359
54 46 0.000169314
54 47 0.000169314
54 48 -0.0538608
54 49 -0.176457
54 50 0.0309969
54 51 -0.328404
54 52 -0.249246
54 53 -0.249246
54 54 3.62362
54 55 0.130028
54 56 -0.118419
54 57 -0.00120479
54 58 0.177568
54 59 0.177568
54 60 -0.766113
54 64 0.350983
54 65 -0.0845685
54 66 -0.767346
54 67 0.105486
54 68 0.105486
54 69 0.140411
54 70 0.0309969
54 71 -0.176457
54 72 -0.328404
54 73 -0.118419
54 74 0.130028
54 75 -0.00120479
54 79 -0.0845685
54 80 0.350983
54 81 -0.767346
54 235 -0.003169
54 236 -0.003169
54 237 -0.167863
54 241 -0.334142
54 242 0.191271
54 243 0.0304737
54 244 -0.0207214
54 245 -0.0207214
54 246 0.151692
54 253 0.191271
54 254 -0.334142
54 255 0.0304737
55 1 -0.192826
55 2 0.00090045
55 3 -0.0347209
55 16 0.0606428
55 17 -0.04962
55 18 -0.00985023
55 43 -0.00394321
55 44 -0.000167642
55 45 0.000115974
55 49 -0.15233
55 50 0.0755576
55 51 0.0273288
55 52 -0.0165252
55 53 0.172913
55 54 0.130028
55 55 0.546167
55 56 -0.101967
55 57 -0.0201069
55 58 -0.158867
55 59 0.0152864
55 60 0.0872454
55 61 -0.00508474
55 62 0.00310664
55 63 -0.108374
55 64 -0.059816
55 65 -0.108468
55 66 -0.0668093
56 1 -0.00253835
56 2 -0.0612646
56 3 0.0365659
56 16 -0.0300831
56 17 0.0616656
56 18 0.0157129
56 43 -0.000362194
56 44 -0.00208399
56 45 -7.27082e-06
56 49 0.0760003
56 50 -0.08505
56 51 0.0375615
56 52 0.0082743
56 53 -0.0216571
56 54 -0.118419
56 55 -0.101967
56 56 0.55094
56 57 0.00766757
56 58 0.0310208
56 59 -0.383142
56 60 -0.0307642
56 61 0.0630888
56 62 0.00665231
56 63 0.0557641
56 64 -0.0358926
56 65 -0.0420295
56 66 -0.00107466
57 1 0.0186608
57 2 0.0248786
57 3 -0.0581629
57 16 0.0124409
57 17 0.0265721
57 18 0.0260408
57 43 -4.39489e-05
57 44 2.56496e-06
57 45 -0.00292131
57 49 0.00803951
57 50 0.0087278
57 51 -0.400217
57 52 0.0224175
57 53 -0.116615
57 54 -0.00120479
57 55 -0.0201069
57 56 0.00766757
57 57 0.587553
57 58 0.0464277
57 59 0.0262571
57 60 -0.0984492
57 61 -0.0806566
57 62 0.00413601
57 63 -0.00659601
57 64 -0.00232222
57 65 0.0213795
57 66 -0.0215592
58 16 -0.27157
58 17 0.0718978
58 18 -0.00415169
58 37 -0.159909
58 38 0.0901439
58 39 -0.0566905
58 43 -0.00363735
58 44 -0.0003832
58 45 0.00117686
58 52 -0.550888
58 53 0.00412469
58 54 0.177568
58 55 -0.158867
58 56 0.0310208
58 57 0.0464277
58 58 1.41156
58 59 -0.223592
58 60 -0.0546171
58 64 0.101318
58 65 0.0778099
58 66 -0.256049
58 67 -0.0488473
58 68 -0.0450792
58 69 -0.0916595
58 73 -0.383142
58 74 0.0152864
58 75 0.0262571
58 79 0.15121
58 80 0.00301283
58 81 0.197142
59 16 0.0901439
59 17 -0.159909
59 18 -0.0566905
59 37 0.0718978
59 38 -0.27157
59 39 -0.00415169
59 43 -0.0003832
59 44 -0.00363735
59 45 0.00117686
59 52 0.00412469
59 53 -0.550888
59 54 0.177568
59 55 0.0152864
59 56 -0.383142
59 57 0.0262571
59 58 -0.223592
59 59 1.41156
59 60 -0.0546171
59 64 0.00301283
59 65 0.15121
59 66 0.197142
59 67 -0.0450792
59 68 -0.0488473
59 69 -0.0916595
59 73 0.0310208
59 74 -0.158867
59 75 0.0464277
59 79 0.0778099
59 80 0.101318
59 81 -0.256049
60 16 0.0172999
60 17 -0.0819561
60 18 -0.0552693
60 37 -0.0819561
60 38 0.0172999
60 39 -0.0552693
60 43 -9.00538e-06
60 44 -9.00538e-06
60 45 -0.00342378
60 52 0.269366
60 53 0.269366
60 54 -0.766113
60 55 0.0872454
60 56 -0.0307642
60 57 -0.0984492
60 58 -0.0546171
60 59 -0.0546171
60 60 1.1447
60 64 -0.0912668
60 65 -0.0385132
60 66 0.101235
60 67 -0.0913809
60 68 -0.0913809
60 69 -0.0107993
60 73 -0.0307642
60 74 0.0872454
60 75 -0.0984492
60 79 -0.0385132
60 80 -0.0912668
60 81 0.101235
61 1 -0.472466
61 2 -0.027709
61 3 0.124509
61 7 -1.26433
61 8 0.0837231
61 9 0.182517
61 10 0.104599
61 11 -0.426885
61 12 0.262456
61 49 -0.612984
61 50 0.234219
61 51 0.0522787
61 55 -0.00508474
61 56 0.0630888
61 57 -0.0806566
61 61 3.2714
61 62 -0.427027
61 63 -0.270298
61 64 -0.873505
61 65 0.539315
61 66 -0.246571
61 238 0.0655694
61 239 -0.156147
61 240 -0.0616105
61 241 -0.109781
61 242 0.178304
61 243 0.0251778
62 1 0.00723517
62 2 -0.284702
62 3 0.28781
62 7 0.411891
62 8 -0.266024
62 9 -0.141559
62 10 -0.204048
62 11 0.0304799
62 12 0.144616
62 49 0.147993
62 50 -0.138349
62 51 -0.0753811
62 55 0.00310664
62 56 0.00665231
62 57 0.00413601
62 61 -0.427027
62 62 2.01159
62 63 -0.343507
62 64 0.136128
62 65 -0.976893
62 66 0.306257
62 238 -0.0938204
62 239 0.0812634
62 240 -0.119214
62 241 0.0794233
62 242 -0.0949474
62 243 -0.121304
63 1 0.157133
63 2 0.25986
63 3 -0.653339
63 7 0.077845
63 8 -0.0930105
63 9 -0.328882
63 10 0.149984
63 11 0.140197
63 12 0.00253723
63 49 0.102312
63 50 -0.118607
63 51 -0.254221
63 55 -0.108374
63 56 0.0557641
63 57 -0.00659601
63 61 -0.270298
63 62 -0.343507
63 63 1.97764
63 64 -0.0770914
63 65 0.313817
63 66 -0.442152
63 238 -0.201867
63 239 -0.0936923
63 240 0.0595609
63 241 0.158159
63 242 -0.178966
63 243 -0.0833928
64 1 -0.0186232
64 2 0.0541096
64 3 -0.0245998
64 10 -2.6245
64 11 0.759854
64 12 0.199122
64 16 -0.245895
64 17 0.0294231
64 18 -0.0135022
64 19 0.167176
64 20 -0.061281
64 21 0.00714674
64 49 0.256344
64 50 -0.199818
64 51 0.077819
64 52 -2.24098
64 53 0.97678
64 54 0.350983
64 55 -0.059816
64 56 -0.0358926
64 57 -0.00232222
64 58 0.101318
64 59 0.00301283
64 60 -0.0912668
64 61 -0.873505
64 62 0.136128
64 63 -0.0770914
64 64 7.16003
64 65 -1.83503
64 66 -0.452252
64 67 -0.752531
64 68 0.340003
64 69 -0.000475873
64 238 -0.0848531
64 239 0.159235
64 240 -0.0627505
64 241 -0.341574
64 242 -0.0927465
64 243 0.0869405
64 244 -0.0306705
64 245 0.0393149
64 246 0.0250946
64 247 0.0397951
64 248 -0.0160957
64 249 -0.0115689
65 1 0.0289126
65 2 0.028935
65 3 -0.171503
65 10 0.26289
65 11 -0.481382
65 12 -0.118061
65 16 0.0222771
65 17 -0.0822209
65 18 -0.102281
65 19 -0.0912554
65 20 0.0520985
65 21 0.0327691
65 49 -0.274527
65 50 0.214409
65 51 0.084447
65 52 0.815946
65 53 -1.4736
65 54 -0.0845685
65 55 -0.108468
65 56 -0.0420295
65 57 0.0213795
65 58 0.0778099
65 59 0.15121
65 60 -0.0385132
65 61 0.539315
65 62 -0.976893
65 63 0.313817
65 64 -1.83503
65 65 4.87026
65 66 -0.0816881
65 67 0.801392
65 68 -1.11958
65 69 -0.00610154
65 238 0.07761
65 239 -0.0283122
65 240 0.104794
65 241 -0.188789
65 242 -0.361425
65 243 0.129529
65 244 0.146801
65 245 0.14422
65 246 -0.0632064
65 247 -0.0178885
65 248 -0.00184
65 249 -0.0193444
66 1 0.245808
66 2 -0.199601
66 3 0.0316214
66 10 0.317537
66 11 -0.129423
66 12 -0.82085
66 16 0.140957
66 17 -0.106228
66 18 -0.543235
66 19 0.0469184
66 20 0.0435762
66 21 0.122875
66 49 0.0943913
66 50 0.0633998
66 51 0.209922
66 52 0.362548
66 53 -0.216762
66 54 -0.767346
66 55 -0.0668093
66 56 -0.00107466
66 57 -0.0215592
66 58 -0.256049
66 59 0.197142
66 60 0.101235
66 61 -0.246571
66 62 0.306257
66 63 -0.442152
66 64 -0.452252
66 65 -0.0816881
66 66 3.94664
66 67 -0.0978096
66 68 0.137712
66 69 -0.432807
66 238 -0.317314
66 239 0.130726
66 240 -0.0139446
66 241 0.19303
66 242 0.0521432
66 243 -0.58095
66 244 0.0895431
66 245 -0.174596
66 246 0.0493703
66 247 -0.042652
66 248 -0.0201168
66 249 0.0286398
67 16 -0.0360813
67 17 0.0611248
67 18 0.00443882
67 19 -0.113276
67 20 0.0819305
67 21 -0.00617223
67 37 -0.081137
67 38 0.0416453
67 39 -0.038693
67 40 -0.058804
67 41 0.0690734
67 42 -0.00833479
67 52 0.421953
67 53 -0.570072
67 54 0.105486
67 58 -0.0488473
67 59 -0.0450792
67 60 -0.0913809
67 64 -0.752531
67 65 0.801392
67 66 -0.0978096
67 67 2.29143
67 68 -0.802313
67 69 -0.226415
67 79 -1.11958
67 80 0.340003
67 81 0.137712
67 244 -0.323919
67 245 0.114866
67 246 0.216698
67 247 0.00192405
67 248 0.00934248
67 249 -0.0123496
67 256 -0.00347314
67 257 0.00856713
67 258 0.0110173
68 16 0.0416453
68 17 -0.081137
68 18 -0.038693
68 19 0.0690734
68 20 -0.058804
68 21 -0.00833479
68 37 0.0611248
68 38 -0.0360813
68 39 0.00443882
68 40 0.0819305
68 41 -0.113276
68 42 -0.00617223
68 52 -0.570072
68 53 0.421953
68 54 0.105486
68 58 -0.0450792
68 59 -0.0488473
68 60 -0.0913809
68 64 0.340003
68 65 -1.11958
68 66 0.137712
68 67 -0.802313
68 68 2.29143
68 69 -0.226415
68 79 0.801392
68 80 -0.752531
68 81 -0.0978096
68 244 0.114866
68 245 -0.323919
68 246 0.216698
68 247 0.00856713
68 248 -0.00347314
68 249 0.0110173
68 256 0.00934248
68 257 0.00192405
68 258 -0.0123496
69 16 0.0501118
69 17 -0.079572
69 18 -0.0263071
69 19 0.00713492
69 20 -0.0164518
69 21 -0.0711254
69 37 -0.079572
69 38 0.0501118
69 39 -0.0263071
69 40 -0.0164518
69 41 0.00713492
69 42 -0.0711254
69 52 0.157742
69 53 0.157742
69 54 0.140411
69 58 -0.0916595
69 59 -0.0916595
69 60 -0.0107993
69 64 -0.000475873
69 65 -0.00610154
69 66 -0.432807
69 67 -0.226415
69 68 -0.226415
69 69 1.79516
69 79 -0.00610154
69 80 -0.000475873
69 81 -0.432807
69 244 0.204999
69 245 0.204999
69 246 -0.677658
69 247 -0.0187748
69 248 0.0136602
69 249 0.00394232
69 256 0.0136602
69 257 -0.0187748
69 258 0.00394232
70 43 0.00621847
70 44 -0.000121166
70 45 6.52204e-05
70 46 0.00255564
70 47 0.00112049
70 48 -0.000379452
70 52 -0.686542
70 53 0.278118
70 54 0.0309969
70 70 0.783873
70 71 -0.334684
70 72 0.0534209
70 73 -0.08505
70 74 0.0755576
70 75 0.0087278
70 76 -0.138349
70 77 0.234219
70 78 -0.118607
70 79 0.214409
70 80 -0.199818
70 81 0.0633998
70 235 0.00299519
70 236 0.00862333
70 237 -0.00481165
70 253 -0.0205529
70 254 -0.0265363
70 255 -0.0517555
71 43 -6.39395e-05
71 44 0.00627494
71 45 -0.000212166
71 46 0.00109533
71 47 -0.000943473
71 48 7.48491e-05
71 52 0.465803
71 53 -0.49969
71 54 -0.176457
71 70 -0.334684
71 71 1.03278
71 72 0.0086457
71 73 0.0760003
71 74 -0.15233
71 75 0.00803951
71 76 0.147993
71 77 -0.612984
71 78 0.102312
71 79 -0.274527
71 80 0.256344
71 81 0.0943913
71 235 0.00792084
71 236 0.00683926
71 237 -0.00131463
71 253 -0.0530582
71 254 0.0115659
71 255 -0.0497631
72 43 0.000142712
72 44 -0.000153797
72 45 0.00627665
72 46 -0.000366365
72 47 5.66861e-06
72 48 0.000995064
72 52 0.00200828
72 53 -0.0974126
72 54 -0.328404
72 70 0.0534209
72 71 0.0086457
72 72 0.871848
72 73 0.0375615
72 74 0.0273288
72 75 -0.400217
72 76 -0.0753811
72 77 0.0522787
72 78 -0.254221
72 79 0.084447
72 80 0.077819
72 81 0.209922
72 235 -0.00786848
72 236 0.00341052
72 237 0.00530377
72 253 -0.112908
72 254 -0.0862051
72 255 -0.0652769
73 22 -0.0612646
73 23 -0.00253835
73 24 0.0365659
73 37 0.0616656
73 38 -0.0300831
73 39 0.0157129
73 43 -0.00208399
73 44 -0.000362194
73 45 -7.27082e-06
73 52 -0.0216571
73 53 0.0082743
73 54 -0.118419
73 58 -0.383142
73 59 0.0310208
73 60 -0.0307642
73 70 -0.08505
73 71 0.0760003
73 72 0.0375615
73 73 0.55094
73 74 -0.101967
73 75 0.00766757
73 76 0.00665231
73 77 0.0630888
73 78 0.0557641
73 79 -0.0420295
73 80 -0.0358926
73 81 -0.00107466
74 22 0.00090045
74 23 -0.192826
74 24 -0.0347209
74 37 -0.04962
74 38 0.0606428
74 39 -0.00985023
74 43 -0.000167642
74 44 -0.00394321
74 45 0.000115974
74 52 0.172913
74 53 -0.0165252
74 54 0.130028
74 58 0.0152864
74 59 -0.158867
74 60 0.0872454
74 70 0.0755576
74 71 -0.15233
74 72 0.0273288
74 73 -0.101967
74 74 0.546167
74 75 -0.0201069
74 76 0.00310664
74 77 -0.00508474
74 78 -0.108374
74 79 -0.108468
74 80 -0.059816
74 81 -0.0668093
75 22 0.0248786
75 23 0.0186608
75 24 -0.0581629
75 37 0.0265721
75 38 0.0124409
75 39 0.0260408
75 43 2.56496e-06
75 44 -4.39489e-05
75 45 -0.00292131
75 52 -0.116615
75 53 0.0224175
75 54 -0.00120479
75 58 0.0262571
75 59 0.0464277
75 60 -0.0984492
75 70 0.0087278
75 71 0.00803951
75 72 -0.400217
75 73 0.00766757
75 74 -0.0201069
75 75 0.587553
75 76 0.00413601
75 77 -0.0806566
75 78 -0.00659601
75 79 0.0213795
75 80 -0.00232222
75 81 -0.0215592
76 22 -0.284702
76 23 0.00723517
76 24 0.28781
76 28 -0.266024
76 29 0.411891
76 30 -0.141559
76 31 0.0304799
76 32 -0.204048
76 33 0.144616
76 70 -0.138349
76 71 0.147993
76 72 -0.0753811
76 73 0.00665231
76 74 0.00310664
76 75 0.00413601
76 76 2.01159
76 77 -0.427027
76 78 -0.343507
76 79 -0.976893
76 80 0.136128
76 81 0.306257
76 250 0.0812634
76 251 -0.0938204
76 252 -0.119214
76 253 -0.0949474
76 254 0.0794233
76 255 -0.121304
77 22 -0.027709
77 23 -0.472466
77 24 0.124509
77 28 0.0837231
77 29 -1.26433
77 30 0.182517
77 31 -0.426885
77 32 0.104599
77 33 0.262456
77 70 0.234219
77 71 -0.612984
77 72 0.0522787
77 73 0.0630888
77 74 -0.00508474
77 75 -0.0806566
77 76 -0.427027
77 77 3.2714
77 78 -0.270298
77 79 0.539315
77 80 -0.873505
77 81 -0.246571
77 250 -0.156147
77 251 0.0655694
77 252 -0.0616105
77 253 0.178304
77 254 -0.109781
77 255 0.0251778
78 22 0.25986
78 23 0.157133
78 24 -0.653339
78 28 -0.0930105
78 29 0.077845
78 30 -0.328882
78 31 0.140197
78 32 0.149984
78 33 0.00253723
78 70 -0.118607
78 71 0.102312
78 72 -0.254221
78 73 0.0557641
78 74 -0.108374
78 75 -0.00659601
78 76 -0.343507
78 77 -0.270298
78 78 1.97764
78 79 0.313817
78 80 -0.0770914
78 81 -0.442152
78 250 -0.0936923
78 251 -0.201867
78 252 0.0595609
78 253 -0.178966
78 254 0.158159
78 255 -0.0833928
79 22 0.028935
79 23 0.0289126
79 24 -0.171503
79 31 -0.481382
79 32 0.26289
79 33 -0.118061
79 37 -0.0822209
79 38 0.0222771
79 39 -0.102281
79 40 0.0520985
79 41 -0.0912554
79 42 0.0327691
79 52 -1.4736
79 53 0.815946
79 54 -0.0845685
79 58 0.15121
79 59 0.0778099
79 60 -0.0385132
79 67 -1.11958
79 68 0.801392
79 69 -0.00610154
79 70 0.214409
79 71 -0.274527
79 72 0.084447
79 73 -0.0420295
79 74 -0.108468
79 75 0.0213795
79 76 -0.976893
79 77 0.539315
79 78 0.313817
79 79 4.87026
79 80 -1.83503
79 81 -0.0816881
79 244 0.14422
79 245 0.146801
79 246 -0.0632064
79 250 -0.0283122
79 251 0.07761
79 252 0.104794
79 253 -0.361425
79 254 -0.188789
79 255 0.129529
79 256 -0.00184
79 257 -0.0178885
79 258 -0.0193444
80 22 0.0541096
80 23 -0.0186232
80 24 -0.0245998
80 31 0.759854
80 32 -2.6245
80 33 0.199122
80 37 0.0294231
80 38 -0.245895
80 39 -0.0135022
80 40 -0.061281
80 41 0.167176
80 42 0.00714674
80 52 0.97678
80 53 -2.24098
80 54 0.350983
80 58 0.00301283
80 59 0.101318
80 60 -0.0912668
80 67 0.340003
80 68 -0.752531
80 69 -0.000475873
80 70 -0.199818
80 71 0.256344
80 72 0.077819
80 73 -0.0358926
80 74 -0.059816
80 75 -0.00232222
80 76 0.136128
80 77 -0.873505
80 78 -0.0770914
80 79 -1.83503
80 80 7.16003
80 81 -0.452252
80 244 0.0393149
80 245 -0.0306705
80 246 0.0250946
80 250 0.159235
80 251 -0.0848531
80 252 -0.0627505
80 253 -0.0927465
80 254 -0.341574
80 255 0.0869405
80 256 -0.0160957
80 257 0.0397951
80 258 -0.0115689
81 22 -0.199601
81 23 0.245808
81 24 0.0316214
81 31 -0.129423
81 32 0.317537
81 33 -0.82085
81 37 -0.106228
81 38 0.140957
81 39 -0.543235
81 40 0.0435762
81 41 0.0469184
81 42 0.122875
81 52 -0.216762
81 53 0.362548
81 54 -0.767346
81 58 0.197142
81 59 -0.256049
81 60 0.101235
81 67 0.137712
81 68 -0.0978096
81 69 -0.432807
81 70 0.0633998
81 71 0.0943913
81 72 0.209922
81 73 -0.00107466
81 74 -0.0668093
81 75 -0.0215592
81 76 0.306257
81 77 -0.246571
81 78 -0.442152
81 79 -0.0816881
81 80 -0.452252
