%%MatrixMarket matrix coordinate real general
110 110 1086
1 1 0.038355
1 2 -2.01087e-05
1 3 0.0057525
1 4 -0.00955039
1 5 -0.00264846
1 6 -0.00951873
1 19 0.00214475
1 21 -0.00782007
1 22 -0.0166945
2 1 -2.01087e-05
2 2 0.055825
2 3 -0.0228133
2 4 -0.0215049
2 5 -0.013325
2 35 -0.00601705
2 36 0.00898419
2 43 0.000606628
2 44 -0.00173546
3 1 0.0057525
3 2 -0.0228133
3 3 0.0738345
3 4 -0.0587612
3 21 -0.000749902
3 36 -0.0163768
3 43 0.0226755
3 80 0.0013423
3 90 -0.00490358
4 1 -0.00955039
4 2 -0.0215049
4 3 -0.0587612
4 4 0.442498
4 5 -0.110508
4 6 -0.00305105
4 7 -0.124093
4 21 -0.000883118
4 22 0.0124977
4 43 -0.030857
4 45 0.0225919
4 80 -0.0879141
4 83 -0.0467477
4 90 0.0195724
4 91 -0.00328965
5 1 -0.00264846
5 2 -0.013325
5 4 -0.110508
5 5 0.111684
5 6 0.000730353
5 7 0.0216368
5 43 -0.0227232
5 44 0.00304577
5 45 0.0121081
6 1 -0.00951873
6 4 -0.00305105
6 5 0.000730353
6 6 0.0984795
6 7 0.00910479
6 19 0.00142748
6 20 -0.00659051
6 22 -0.102332
6 23 0.0117499
7 4 -0.124093
7 5 0.0216368
7 6 0.00910479
7 7 0.130196
7 22 -0.0272066
7 23 0.00247949
7 45 -0.0263777
7 83 0.00530627
7 91 0.00895353
8 8 0.038355
8 9 -2.01087e-05
8 10 0.0057525
8 11 -0.00955039
8 12 -0.00264846
8 13 -0.00951873
8 25 0.00214475
8 26 -0.00782007
8 27 -0.0166945
9 8 -2.01087e-05
9 9 0.055825
9 10 -0.0228133
9 11 -0.0215049
9 12 -0.013325
9 54 0.000606628
9 55 0.00898419
9 56 -0.00601705
9 58 -0.00173546
10 8 0.0057525
10 9 -0.0228133
10 10 0.0738345
10 11 -0.0587612
10 26 -0.000749902
10 54 0.0226755
10 55 -0.0163768
10 84 0.0013423
10 95 -0.00490358
11 8 -0.00955039
11 9 -0.0215049
11 10 -0.0587612
11 11 0.442498
11 12 -0.110508
11 13 -0.00305105
11 14 -0.124093
11 26 -0.000883118
11 27 0.0124977
11 54 -0.030857
11 60 0.0225919
11 84 -0.0879141
11 86 -0.0467477
11 95 0.0195724
11 97 -0.00328965
12 8 -0.00264846
12 9 -0.013325
12 11 -0.110508
12 12 0.111684
12 13 0.000730353
12 14 0.0216368
12 54 -0.0227232
12 58 0.00304577
12 60 0.0121081
13 8 -0.00951873
13 11 -0.00305105
13 12 0.000730353
13 13 0.0984795
13 14 0.00910479
13 20 -0.00659051
13 23 0.0117499
13 25 0.00142748
13 27 -0.102332
14 11 -0.124093
14 12 0.0216368
14 13 0.00910479
14 14 0.130196
14 23 0.00247949
14 27 -0.0272066
14 60 -0.0263777
14 86 0.00530627
14 97 0.00895353
15 15 0.0367034
15 16 0.00324635
15 17 0.00612126
15 18 -0.0450156
15 19 -0.0019415
15 20 -0.00329363
15 24 0.00612126
15 25 -0.0019415
16 15 0.00324635
16 16 0.0379821
16 17 0.0030619
16 18 -0.0550127
16 24 0.0030619
16 79 0.00766044
17 15 0.00612126
17 16 0.0030619
17 17 0.0446211
17 18 -0.0384765
17 19 -0.000768155
17 21 0.00413796
17 22 -0.0304482
17 79 0.0157521
17 81 -0.00400142
18 15 -0.0450156
18 16 -0.0550127
18 17 -0.0384765
18 18 0.349876
18 19 -0.00230365
18 20 -0.0312806
18 22 0.00400792
18 23 -0.0175354
18 24 -0.0384765
18 25 -0.00230365
18 27 0.00400792
18 79 -0.145078
18 81 0.0169215
18 82 -0.0162516
18 85 0.0169215
19 1 0.00214475
19 6 0.00142748
19 15 -0.0019415
19 17 -0.000768155
19 18 -0.00230365
19 19 0.0278244
19 20 -0.00316785
19 21 0.00284418
19 22 -0.0260596
20 6 -0.00659051
20 13 -0.00659051
20 15 -0.00329363
20 18 -0.0312806
20 19 -0.00316785
20 20 0.0601223
20 22 -0.000186798
20 23 -0.00565773
20 25 -0.00316785
20 27 -0.000186798
21 1 -0.00782007
21 3 -0.000749902
21 4 -0.000883118
21 17 0.00413796
21 19 0.00284418
21 21 0.053215
21 22 -0.0523823
21 80 -0.00514097
21 81 0.00677926
22 1 -0.0166945
22 4 0.0124977
22 6 -0.102332
22 7 -0.0272066
22 17 -0.0304482
22 18 0.00400792
22 19 -0.0260596
22 20 -0.000186798
22 21 -0.0523823
22 22 0.408469
22 23 -0.0376403
22 80 0.0146828
22 81 -0.0968565
22 82 -0.0138585
22 83 -0.035992
23 6 0.0117499
23 7 0.00247949
23 13 0.0117499
23 14 0.00247949
23 18 -0.0175354
23 20 -0.00565773
23 22 -0.0376403
23 23 0.0635066
23 27 -0.0376403
23 82 -0.00761887
23 83 0.00706352
23 86 0.00706352
24 15 0.00612126
24 16 0.0030619
24 18 -0.0384765
24 24 0.0446211
24 25 -0.000768155
24 26 0.00413796
24 27 -0.0304482
24 79 0.0157521
24 85 -0.00400142
25 8 0.00214475
25 13 0.00142748
25 15 -0.0019415
25 18 -0.00230365
25 20 -0.00316785
25 24 -0.000768155
25 25 0.0278244
25 26 0.00284418
25 27 -0.0260596
26 8 -0.00782007
26 10 -0.000749902
26 11 -0.000883118
26 24 0.00413796
26 25 0.00284418
26 26 0.053215
26 27 -0.0523823
26 84 -0.00514097
26 85 0.00677926
27 8 -0.0166945
27 11 0.0124977
27 13 -0.102332
27 14 -0.0272066
27 18 0.00400792
27 20 -0.000186798
27 23 -0.0376403
27 24 -0.0304482
27 25 -0.0260596
27 26 -0.0523823
27 27 0.408469
27 82 -0.0138585
27 84 0.0146828
27 85 -0.0968565
27 86 -0.035992
28 28 0.0770624
28 29 -0.0052964
28 30 0.00895264
28 31 -0.00329018
28 32 0.0114728
28 33 -0.00160031
28 44 -0.0203772
28 45 -0.0113764
28 46 -0.0555473
29 28 -0.0052964
29 29 0.0667019
29 30 0.00530691
29 31 -0.0467461
29 32 -0.00472092
29 66 -0.035992
29 67 0.00706344
29 68 0.00198456
29 70 0.0116986
30 28 0.00895264
30 29 0.00530691
30 30 0.130194
30 31 -0.124092
30 45 -0.0263758
30 66 -0.0272086
30 67 0.00247986
30 92 0.0216374
30 103 0.00910578
31 28 -0.00329018
31 29 -0.0467461
31 30 -0.124092
31 31 0.442502
31 32 -0.0879106
31 33 0.0195718
31 34 -0.0587642
31 45 0.0225899
31 46 -0.0308547
31 66 0.0125002
31 72 -0.000885321
31 92 -0.110511
31 94 -0.021506
31 103 -0.00305122
31 105 -0.00955151
32 28 0.0114728
32 29 -0.00472092
32 31 -0.0879106
32 32 0.0939047
32 33 -0.0162367
32 34 0.00134288
32 66 0.0146824
32 70 -0.00739464
32 72 -0.00513992
33 28 -0.00160031
33 31 0.0195718
33 32 -0.0162367
33 33 0.103119
33 34 -0.00490335
33 40 -0.00116255
33 42 0.0108116
33 44 -0.00190354
33 46 -0.107696
34 31 -0.0587642
34 32 0.00134288
34 33 -0.00490335
34 34 0.0738378
34 42 -0.0163787
34 46 0.0226764
34 72 -0.00075003
34 94 -0.0228137
34 105 0.00575293
35 2 -0.00601705
35 35 0.0632334
35 36 -0.00964981
35 37 0.004984
35 38 0.00707648
35 39 -0.024459
35 40 0.0113689
35 43 -0.0421393
35 44 -0.00439762
36 2 0.00898419
36 3 -0.0163768
36 35 -0.00964981
36 36 0.101298
36 37 -0.0449096
36 38 0.0404779
36 43 -0.0943193
36 87 0.00368333
36 90 0.0108122
37 35 0.004984
37 36 -0.0449096
37 37 0.129404
37 38 -0.140682
37 39 0.00939906
37 41 0.0196435
37 87 0.00839638
37 88 0.0137646
38 35 0.00707648
38 36 0.0404779
38 37 -0.140682
38 38 0.490691
38 39 -0.0648012
38 40 -0.0634082
38 41 -0.140682
38 42 0.040477
38 43 -0.0355534
38 44 0.0115469
38 46 -0.035553
38 87 -0.0634109
38 88 -0.0648021
38 89 0.00707667
38 93 0.0115467
39 35 -0.024459
39 37 0.00939906
39 38 -0.0648012
39 39 0.0663744
39 40 -0.000277739
39 41 0.0137645
40 33 -0.00116255
40 35 0.0113689
40 38 -0.0634082
40 39 -0.000277739
40 40 0.0906149
40 41 0.00839514
40 42 0.00368352
40 44 -0.0281626
40 46 -0.0210514
41 37 0.0196435
41 38 -0.140682
41 39 0.0137645
41 40 0.00839514
41 41 0.129404
41 42 -0.0449098
41 88 0.00939902
41 89 0.004985
42 33 0.0108116
42 34 -0.0163787
42 38 0.040477
42 40 0.00368352
42 41 -0.0449098
42 42 0.101299
42 46 -0.094319
42 89 -0.00964973
42 94 0.00898625
43 2 0.000606628
43 3 0.0226755
43 4 -0.030857
43 5 -0.0227232
43 35 -0.0421393
43 36 -0.0943193
43 38 -0.0355534
43 43 0.561599
43 44 -0.107299
43 45 -0.112869
43 46 0.0322102
43 87 -0.0210524
43 90 -0.107701
43 91 -0.0555473
43 93 0.0129695
44 2 -0.00173546
44 5 0.00304577
44 28 -0.0203772
44 33 -0.00190354
44 35 -0.00439762
44 38 0.0115469
44 40 -0.0281626
44 43 -0.107299
44 44 0.117801
44 45 0.0185118
44 46 0.01297
45 4 0.0225919
45 5 0.0121081
45 7 -0.0263777
45 28 -0.0113764
45 30 -0.0263758
45 31 0.0225899
45 43 -0.112869
45 44 0.0185118
45 45 0.194824
45 46 -0.112871
45 91 -0.0113787
45 92 0.0121083
45 93 0.0185137
46 28 -0.0555473
46 31 -0.0308547
46 33 -0.107696
46 34 0.0226764
46 38 -0.035553
46 40 -0.0210514
46 42 -0.094319
46 43 0.0322102
46 44 0.01297
46 45 -0.112871
46 46 0.561599
46 89 -0.0421428
46 92 -0.0227225
46 93 -0.107303
46 94 0.000604454
47 47 0.0770624
47 48 -0.0052964
47 49 0.00895264
47 50 -0.00329018
47 51 0.0114728
47 52 -0.00160031
47 58 -0.0203772
47 60 -0.0113764
47 61 -0.0555473
48 47 -0.0052964
48 48 0.0667019
48 49 0.00530691
48 50 -0.0467461
48 51 -0.00472092
48 67 0.00706344
48 68 0.00198456
48 75 -0.035992
48 76 0.0116986
49 47 0.00895264
49 48 0.00530691
49 49 0.130194
49 50 -0.124092
49 60 -0.0263758
49 67 0.00247986
49 75 -0.0272086
49 98 0.0216374
49 108 0.00910578
50 47 -0.00329018
50 48 -0.0467461
50 49 -0.124092
50 50 0.442502
50 51 -0.0879106
50 52 0.0195718
50 53 -0.0587642
50 60 0.0225899
50 61 -0.0308547
50 75 0.0125002
50 77 -0.000885321
50 98 -0.110511
50 101 -0.021506
50 108 -0.00305122
50 109 -0.00955151
51 47 0.0114728
51 48 -0.00472092
51 50 -0.0879106
51 51 0.0939047
51 52 -0.0162367
51 53 0.00134288
51 75 0.0146824
51 76 -0.00739464
51 77 -0.00513992
52 47 -0.00160031
52 50 0.0195718
52 51 -0.0162367
52 52 0.103119
52 53 -0.00490335
52 58 -0.00190354
52 59 -0.00116255
52 61 -0.107696
52 62 0.0108116
53 50 -0.0587642
53 51 0.00134288
53 52 -0.00490335
53 53 0.0738378
53 61 0.0226764
53 62 -0.0163787
53 77 -0.00075003
53 101 -0.0228137
53 109 0.00575293
54 9 0.000606628
54 10 0.0226755
54 11 -0.030857
54 12 -0.0227232
54 54 0.561599
54 55 -0.0943193
54 56 -0.0421393
54 57 -0.0355534
54 58 -0.107299
54 60 -0.112869
54 61 0.0322102
54 95 -0.107701
54 96 -0.0210524
54 97 -0.0555473
54 99 0.0129695
55 9 0.00898419
55 10 -0.0163768
55 54 -0.0943193
55 55 0.101298
55 56 -0.00964981
55 57 0.0404779
55 63 -0.0449096
55 95 0.0108122
55 96 0.00368333
56 9 -0.00601705
56 54 -0.0421393
56 55 -0.00964981
56 56 0.0632334
56 57 0.00707648
56 58 -0.00439762
56 59 0.0113689
56 63 0.004984
56 64 -0.024459
57 54 -0.0355534
57 55 0.0404779
57 56 0.00707648
57 57 0.490691
57 58 0.0115469
57 59 -0.0634082
57 61 -0.035553
57 62 0.040477
57 63 -0.140682
57 64 -0.0648012
57 65 -0.140682
57 96 -0.0634109
57 99 0.0115467
57 100 0.00707667
57 102 -0.0648021
58 9 -0.00173546
58 12 0.00304577
58 47 -0.0203772
58 52 -0.00190354
58 54 -0.107299
58 56 -0.00439762
58 57 0.0115469
58 58 0.117801
58 59 -0.0281626
58 60 0.0185118
58 61 0.01297
59 52 -0.00116255
59 56 0.0113689
59 57 -0.0634082
59 58 -0.0281626
59 59 0.0906149
59 61 -0.0210514
59 62 0.00368352
59 64 -0.000277739
59 65 0.00839514
60 11 0.0225919
60 12 0.0121081
60 14 -0.0263777
60 47 -0.0113764
60 49 -0.0263758
60 50 0.0225899
60 54 -0.112869
60 58 0.0185118
60 60 0.194824
60 61 -0.112871
60 97 -0.0113787
60 98 0.0121083
60 99 0.0185137
61 47 -0.0555473
61 50 -0.0308547
61 52 -0.107696
61 53 0.0226764
61 54 0.0322102
61 57 -0.035553
61 58 0.01297
61 59 -0.0210514
61 60 -0.112871
61 61 0.561599
61 62 -0.094319
61 98 -0.0227225
61 99 -0.107303
61 100 -0.0421428
61 101 0.000604454
62 52 0.0108116
62 53 -0.0163787
62 57 0.040477
62 59 0.00368352
62 61 -0.094319
62 62 0.101299
62 65 -0.0449098
62 100 -0.00964973
62 101 0.00898625
63 55 -0.0449096
63 56 0.004984
63 57 -0.140682
63 63 0.129404
63 64 0.00939906
63 65 0.0196435
63 96 0.00839638
63 102 0.0137646
64 56 -0.024459
64 57 -0.0648012
64 59 -0.000277739
64 63 0.00939906
64 64 0.0663744
64 65 0.0137645
65 57 -0.140682
65 59 0.00839514
65 62 -0.0449098
65 63 0.0196435
65 64 0.0137645
65 65 0.129404
65 100 0.004985
65 102 0.00939902
66 29 -0.035992
66 30 -0.0272086
66 31 0.0125002
66 32 0.0146824
66 66 0.408471
66 67 -0.0376377
66 68 -0.0138573
66 69 0.00400722
66 70 -0.0968546
66 72 -0.0523844
66 73 -0.0304478
66 103 -0.102332
66 104 -0.000187803
66 105 -0.0166954
66 106 -0.0260628
67 29 0.00706344
67 30 0.00247986
67 48 0.00706344
67 49 0.00247986
67 66 -0.0376377
67 67 0.0635037
67 68 -0.00761879
67 69 -0.0175363
67 75 -0.0376377
67 103 0.0117489
67 104 -0.00565743
67 108 0.0117489
68 29 0.00198456
68 48 0.00198456
68 66 -0.0138573
68 67 -0.00761879
68 68 0.0390533
68 69 -0.0162489
68 70 0.00503553
68 71 -0.00151114
68 75 -0.0138573
68 76 0.00503553
69 66 0.00400722
69 67 -0.0175363
69 68 -0.0162489
69 69 0.349869
69 70 0.0169221
69 71 -0.145076
69 73 -0.0384767
69 74 -0.0550119
69 75 0.00400722
69 76 0.0169221
69 78 -0.0384767
69 104 -0.0312791
69 106 -0.00230324
69 107 -0.0450162
69 110 -0.00230324
70 29 0.0116986
70 32 -0.00739464
70 66 -0.0968546
70 68 0.00503553
70 69 0.0169221
70 70 0.0826133
70 71 -0.0147981
70 72 0.0067799
70 73 -0.00400211
71 68 -0.00151114
71 69 -0.145076
71 70 -0.0147981
71 71 0.137018
71 73 0.0157524
71 74 0.00765973
71 76 -0.0147981
71 78 0.0157524
72 31 -0.000885321
72 32 -0.00513992
72 34 -0.00075003
72 66 -0.0523844
72 70 0.0067799
72 72 0.0532165
72 73 0.00413741
72 105 -0.00781878
72 106 0.00284464
73 66 -0.0304478
73 69 -0.0384767
73 70 -0.00400211
73 71 0.0157524
73 72 0.00413741
73 73 0.0446209
73 74 0.00306188
73 106 -0.000767097
73 107 0.00612119
74 69 -0.0550119
74 71 0.00765973
74 73 0.00306188
74 74 0.0379817
74 78 0.00306188
74 107 0.00324671
75 48 -0.035992
75 49 -0.0272086
75 50 0.0125002
75 51 0.0146824
75 67 -0.0376377
75 68 -0.0138573
75 69 0.00400722
75 75 0.408471
75 76 -0.0968546
75 77 -0.0523844
75 78 -0.0304478
75 104 -0.000187803
75 108 -0.102332
75 109 -0.0166954
75 110 -0.0260628
76 48 0.0116986
76 51 -0.00739464
76 68 0.00503553
76 69 0.0169221
76 71 -0.0147981
76 75 -0.0968546
76 76 0.0826133
76 77 0.0067799
76 78 -0.00400211
77 50 -0.000885321
77 51 -0.00513992
77 53 -0.00075003
77 75 -0.0523844
77 76 0.0067799
77 77 0.0532165
77 78 0.00413741
77 109 -0.00781878
77 110 0.00284464
78 69 -0.0384767
78 71 0.0157524
78 74 0.00306188
78 75 -0.0304478
78 76 -0.00400211
78 77 0.00413741
78 78 0.0446209
78 107 0.00612119
78 110 -0.000767097
79 16 0.00766044
79 17 0.0157521
79 18 -0.145078
79 24 0.0157521
79 79 0.137018
79 81 -0.0147975
79 82 -0.00150937
79 85 -0.0147975
80 3 0.0013423
80 4 -0.0879141
80 21 -0.00514097
80 22 0.0146828
80 80 0.0939086
80 81 -0.00739443
80 83 -0.00471993
80 90 -0.0162368
80 91 0.0114725
81 17 -0.00400142
81 18 0.0169215
81 21 0.00677926
81 22 -0.0968565
81 79 -0.0147975
81 80 -0.00739443
81 81 0.0826145
81 82 0.00503592
81 83 0.0116987
82 18 -0.0162516
82 22 -0.0138585
82 23 -0.00761887
82 27 -0.0138585
82 79 -0.00150937
82 81 0.00503592
82 82 0.0390552
82 83 0.0019849
82 85 0.00503592
82 86 0.0019849
83 4 -0.0467477
83 7 0.00530627
83 22 -0.035992
83 23 0.00706352
83 80 -0.00471993
83 81 0.0116987
83 82 0.0019849
83 83 0.0667032
83 91 -0.00529695
84 10 0.0013423
84 11 -0.0879141
84 26 -0.00514097
84 27 0.0146828
84 84 0.0939086
84 85 -0.00739443
84 86 -0.00471993
84 95 -0.0162368
84 97 0.0114725
85 18 0.0169215
85 24 -0.00400142
85 26 0.00677926
85 27 -0.0968565
85 79 -0.0147975
85 82 0.00503592
85 84 -0.00739443
85 85 0.0826145
85 86 0.0116987
86 11 -0.0467477
86 14 0.00530627
86 23 0.00706352
86 27 -0.035992
86 82 0.0019849
86 84 -0.00471993
86 85 0.0116987
86 86 0.0667032
86 97 -0.00529695
87 36 0.00368333
87 37 0.00839638
87 38 -0.0634109
87 43 -0.0210524
87 87 0.0906161
87 88 -0.000277243
87 89 0.0113689
87 90 -0.00116216
87 93 -0.028162
88 37 0.0137646
88 38 -0.0648021
88 41 0.00939902
88 87 -0.000277243
88 88 0.0663741
88 89 -0.0244584
89 38 0.00707667
89 41 0.004985
89 42 -0.00964973
89 46 -0.0421428
89 87 0.0113689
89 88 -0.0244584
89 89 0.063234
89 93 -0.00439667
89 94 -0.00601694
90 3 -0.00490358
90 4 0.0195724
90 36 0.0108122
90 43 -0.107701
90 80 -0.0162368
90 87 -0.00116216
90 90 0.103122
90 91 -0.00159932
90 93 -0.00190383
91 4 -0.00328965
91 7 0.00895353
91 43 -0.0555473
91 45 -0.0113787
91 80 0.0114725
91 83 -0.00529695
91 90 -0.00159932
91 91 0.077063
91 93 -0.0203771
92 30 0.0216374
92 31 -0.110511
92 45 0.0121083
92 46 -0.0227225
92 92 0.111684
92 93 0.00304534
92 94 -0.0133233
92 103 0.000729637
92 105 -0.00264773
93 38 0.0115467
93 43 0.0129695
93 45 0.0185137
93 46 -0.107303
93 87 -0.028162
93 89 -0.00439667
93 90 -0.00190383
93 91 -0.0203771
93 92 0.00304534
93 93 0.117803
93 94 -0.00173501
94 31 -0.021506
94 34 -0.0228137
94 42 0.00898625
94 46 0.000604454
94 89 -0.00601694
94 92 -0.0133233
94 93 -0.00173501
94 94 0.0558243
94 105 -2.0054e-05
95 10 -0.00490358
95 11 0.0195724
95 54 -0.107701
95 55 0.0108122
95 84 -0.0162368
95 95 0.103122
95 96 -0.00116216
95 97 -0.00159932
95 99 -0.00190383
96 54 -0.0210524
96 55 0.00368333
96 57 -0.0634109
96 63 0.00839638
96 95 -0.00116216
96 96 0.0906161
96 99 -0.028162
96 100 0.0113689
96 102 -0.000277243
97 11 -0.00328965
97 14 0.00895353
97 54 -0.0555473
97 60 -0.0113787
97 84 0.0114725
97 86 -0.00529695
97 95 -0.00159932
97 97 0.077063
97 99 -0.0203771
98 49 0.0216374
98 50 -0.110511
98 60 0.0121083
98 61 -0.0227225
98 98 0.111684
98 99 0.00304534
98 101 -0.0133233
98 108 0.000729637
98 109 -0.00264773
99 54 0.0129695
99 57 0.0115467
99 60 0.0185137
99 61 -0.107303
99 95 -0.00190383
99 96 -0.028162
99 97 -0.0203771
99 98 0.00304534
99 99 0.117803
99 100 -0.00439667
99 101 -0.00173501
100 57 0.00707667
100 61 -0.0421428
100 62 -0.00964973
100 65 0.004985
100 96 0.0113689
100 99 -0.00439667
100 100 0.063234
100 101 -0.00601694
100 102 -0.0244584
101 50 -0.021506
101 53 -0.0228137
101 61 0.000604454
101 62 0.00898625
101 98 -0.0133233
101 99 -0.00173501
101 100 -0.00601694
101 101 0.0558243
101 109 -2.0054e-05
102 57 -0.0648021
102 63 0.0137646
102 65 0.00939902
102 96 -0.000277243
102 100 -0.0244584
102 102 0.0663741
103 30 0.00910578
103 31 -0.00305122
103 66 -0.102332
103 67 0.0117489
103 92 0.000729637
103 103 0.0984784
103 104 -0.00659019
103 105 -0.00951756
103 106 0.00142816
104 66 -0.000187803
104 67 -0.00565743
104 69 -0.0312791
104 75 -0.000187803
104 103 -0.00659019
104 104 0.0601201
104 106 -0.00316697
104 107 -0.0032937
104 108 -0.00659019
104 110 -0.00316697
105 31 -0.00955151
105 34 0.00575293
105 66 -0.0166954
105 72 -0.00781878
105 92 -0.00264773
105 94 -2.0054e-05
105 103 -0.00951756
105 105 0.0383528
105 106 0.00214524
106 66 -0.0260628
106 69 -0.00230324
106 72 0.00284464
106 73 -0.000767097
106 103 0.00142816
106 104 -0.00316697
106 105 0.00214524
106 106 0.0278235
106 107 -0.00194146
107 69 -0.0450162
107 73 0.00612119
107 74 0.00324671
107 78 0.00612119
107 104 -0.0032937
107 106 -0.00194146
107 107 0.0367038
107 110 -0.00194146
108 49 0.00910578
108 50 -0.00305122
108 67 0.0117489
108 75 -0.102332
108 98 0.000729637
108 104 -0.00659019
108 108 0.0984784
108 109 -0.00951756
108 110 0.00142816
109 50 -0.00955151
109 53 0.00575293
109 75 -0.0166954
109 77 -0.00781878
109 98 -0.00264773
109 101 -2.0054e-05
109 108 -0.00951756
109 109 0.0383528
109 110 0.00214524
110 69 -0.00230324
110 75 -0.0260628
110 77 0.00284464
110 78 -0.000767097
110 104 -0.00316697
110 107 -0.00194146
110 108 0.00142816
110 109 0.00214524
110 110 0.0278235
