%%MatrixMarket matrix coordinate real general
55 55 535
1 1 0.146697
1 2 -0.00408638
1 3 0.00283007
1 4 -0.0447293
1 5 -0.00169735
1 6 -0.0355908
1 13 0.00112057
1 15 -0.012208
1 16 -0.0523363
2 1 -0.00408638
2 2 0.215302
2 3 -0.0251184
2 4 -0.128135
2 5 -0.0412209
2 21 0.0239408
2 23 0.0152613
2 24 0.0070465
2 25 -0.0629901
3 1 0.00283007
3 2 -0.0251184
3 3 0.320127
3 4 -0.338614
3 15 0.0043816
3 23 -0.111281
3 24 0.0979949
3 41 0.046798
3 44 0.0028819
4 1 -0.0447293
4 2 -0.128135
4 3 -0.338614
4 4 1.72415
4 5 -0.401254
4 6 -0.014689
4 7 -0.201338
4 15 -0.0668563
4 16 0.0454366
4 19 0.0468421
4 24 -0.0731839
4 41 -0.452549
4 42 -0.0945404
4 44 -0.039176
4 47 0.0386356
5 1 -0.00169735
5 2 -0.0412209
5 4 -0.401254
5 5 0.462955
5 6 -0.0176173
5 7 0.058141
5 18 -0.0421751
5 19 0.0386352
5 20 0.00247523
5 21 -0.0664038
5 24 0.00816162
6 1 -0.0355908
6 4 -0.014689
6 5 -0.0176173
6 6 0.343007
6 7 -0.0121146
6 8 -0.0355908
6 11 -0.014689
6 12 -0.0176173
6 13 -0.0108176
6 16 -0.18428
7 4 -0.201338
7 5 0.058141
7 6 -0.0121146
7 7 1.03628
7 11 -0.201338
7 12 0.058141
7 16 -0.028099
7 18 -0.191529
7 19 -0.201337
7 27 -0.201337
7 35 -0.0280972
7 42 -0.191538
7 47 0.05814
7 49 0.05814
7 52 -0.0121151
8 6 -0.0355908
8 8 0.146697
8 9 -0.00408638
8 10 0.00283007
8 11 -0.0447293
8 12 -0.00169735
8 13 0.00112057
8 16 -0.0523363
8 17 -0.012208
9 8 -0.00408638
9 9 0.215302
9 10 -0.0251184
9 11 -0.128135
9 12 -0.0412209
9 29 0.0239408
9 31 0.0070465
9 32 0.0152613
9 33 -0.0629901
10 8 0.00283007
10 9 -0.0251184
10 10 0.320127
10 11 -0.338614
10 17 0.0043816
10 31 0.0979949
10 32 -0.111281
10 43 0.046798
10 48 0.0028819
11 6 -0.014689
11 7 -0.201338
11 8 -0.0447293
11 9 -0.128135
11 10 -0.338614
11 11 1.72415
11 12 -0.401254
11 16 0.0454366
11 17 -0.0668563
11 27 0.0468421
11 31 -0.0731839
11 42 -0.0945404
11 43 -0.452549
11 48 -0.039176
11 49 0.0386356
12 6 -0.0176173
12 7 0.058141
12 8 -0.00169735
12 9 -0.0412209
12 11 -0.401254
12 12 0.462955
12 18 -0.0421751
12 27 0.0386352
12 28 0.00247523
12 29 -0.0664038
12 31 0.00816162
13 1 0.00112057
13 6 -0.0108176
13 8 0.00112057
13 13 0.112347
13 14 0.00812462
13 15 0.0142692
13 16 -0.140433
13 17 0.0142692
14 13 0.00812462
14 14 0.129276
14 15 0.0153206
14 16 -0.189619
14 17 0.0153206
14 40 0.0215772
15 1 -0.012208
15 3 0.0043816
15 4 -0.0668563
15 13 0.0142692
15 14 0.0153206
15 15 0.215487
15 16 -0.212146
15 40 0.0572745
15 41 -0.015522
16 1 -0.0523363
16 4 0.0454366
16 6 -0.18428
16 7 -0.028099
16 8 -0.0523363
16 11 0.0454366
16 13 -0.140433
16 14 -0.189619
16 15 -0.212146
16 16 1.51118
16 17 -0.212146
16 40 -0.583262
16 41 0.0534752
16 42 -0.0543412
16 43 0.0534752
17 8 -0.012208
17 10 0.0043816
17 11 -0.0668563
17 13 0.0142692
17 14 0.0153206
17 16 -0.212146
17 17 0.215487
17 40 0.0572745
17 43 -0.015522
18 5 -0.0421751
18 7 -0.191529
18 12 -0.0421751
18 18 0.479402
18 19 -0.0945425
18 20 0.0161123
18 27 -0.0945425
18 28 0.0161123
18 35 -0.0543401
18 36 0.00767774
19 4 0.0468421
19 5 0.0386352
19 7 -0.201337
19 18 -0.0945425
19 19 1.72415
19 20 -0.452539
19 21 -0.0391744
19 22 -0.338617
19 24 -0.0731836
19 35 0.0454352
19 37 -0.0668575
19 46 -0.128135
19 47 -0.401254
19 52 -0.0146902
19 53 -0.0447322
20 5 0.00247523
20 18 0.0161123
20 19 -0.452539
20 20 0.397642
20 21 -0.0052454
20 22 0.0467969
20 35 0.0534765
20 36 -0.0431948
20 37 -0.0155231
21 2 0.0239408
21 5 -0.0664038
21 19 -0.0391744
21 20 -0.0052454
21 21 0.337222
21 22 0.00288279
21 24 -0.311317
21 25 0.0104769
21 26 0.047618
22 19 -0.338617
22 20 0.0467969
22 21 0.00288279
22 22 0.320131
22 24 0.0979934
22 26 -0.111281
22 37 0.00438046
22 46 -0.0251179
22 53 0.00283114
23 2 0.0152613
23 3 -0.111281
23 23 0.443462
23 24 -0.542709
23 25 0.031011
23 26 0.0742785
23 44 0.0476203
23 45 0.0423573
24 2 0.0070465
24 3 0.0979949
24 4 -0.0731839
24 5 0.00816162
24 19 -0.0731836
24 21 -0.311317
24 22 0.0979934
24 23 -0.542709
24 24 2.103
24 25 -0.23749
24 26 -0.542709
24 44 -0.311321
24 45 -0.237492
24 46 0.00704363
24 47 0.00816154
25 2 -0.0629901
25 21 0.0104769
25 23 0.031011
25 24 -0.23749
25 25 0.216635
25 26 0.0423571
26 21 0.047618
26 22 -0.111281
26 23 0.0742785
26 24 -0.542709
26 25 0.0423571
26 26 0.443462
26 45 0.0310113
26 46 0.015263
27 7 -0.201337
27 11 0.0468421
27 12 0.0386352
27 18 -0.0945425
27 27 1.72415
27 28 -0.452539
27 29 -0.0391744
27 30 -0.338617
27 31 -0.0731836
27 35 0.0454352
27 39 -0.0668575
27 49 -0.401254
27 50 -0.128135
27 52 -0.0146902
27 55 -0.0447322
28 12 0.00247523
28 18 0.0161123
28 27 -0.452539
28 28 0.397642
28 29 -0.0052454
28 30 0.0467969
28 35 0.0534765
28 36 -0.0431948
28 39 -0.0155231
29 9 0.0239408
29 12 -0.0664038
29 27 -0.0391744
29 28 -0.0052454
29 29 0.337222
29 30 0.00288279
29 31 -0.311317
29 33 0.0104769
29 34 0.047618
30 27 -0.338617
30 28 0.0467969
30 29 0.00288279
30 30 0.320131
30 31 0.0979934
30 34 -0.111281
30 39 0.00438046
30 50 -0.0251179
30 55 0.00283114
31 9 0.0070465
31 10 0.0979949
31 11 -0.0731839
31 12 0.00816162
31 27 -0.0731836
31 29 -0.311317
31 30 0.0979934
31 31 2.103
31 32 -0.542709
31 33 -0.23749
31 34 -0.542709
31 48 -0.311321
31 49 0.00816154
31 50 0.00704363
31 51 -0.237492
32 9 0.0152613
32 10 -0.111281
32 31 -0.542709
32 32 0.443462
32 33 0.031011
32 34 0.0742785
32 48 0.0476203
32 51 0.0423573
33 9 -0.0629901
33 29 0.0104769
33 31 -0.23749
33 32 0.031011
33 33 0.216635
33 34 0.0423571
34 29 0.047618
34 30 -0.111281
34 31 -0.542709
34 32 0.0742785
34 33 0.0423571
34 34 0.443462
34 50 0.015263
34 51 0.0310113
35 7 -0.0280972
35 18 -0.0543401
35 19 0.0454352
35 20 0.0534765
35 27 0.0454352
35 28 0.0534765
35 35 1.51117
35 36 -0.583257
35 37 -0.212146
35 38 -0.189619
35 39 -0.212146
35 52 -0.184275
35 53 -0.0523363
35 54 -0.140437
35 55 -0.0523363
36 18 0.00767774
36 20 -0.0431948
36 28 -0.0431948
36 35 -0.583257
36 36 0.525842
36 37 0.057275
36 38 0.0215766
36 39 0.057275
37 19 -0.0668575
37 20 -0.0155231
37 22 0.00438046
37 35 -0.212146
37 36 0.057275
37 37 0.215487
37 38 0.0153208
37 53 -0.0122065
37 54 0.0142696
38 35 -0.189619
38 36 0.0215766
38 37 0.0153208
38 38 0.129275
38 39 0.0153208
38 54 0.00812564
39 27 -0.0668575
39 28 -0.0155231
39 30 0.00438046
39 35 -0.212146
39 36 0.057275
39 38 0.0153208
39 39 0.215487
39 54 0.0142696
39 55 -0.0122065
40 14 0.0215772
40 15 0.0572745
40 16 -0.583262
40 17 0.0572745
40 40 0.525843
40 41 -0.0431926
40 42 0.00767832
40 43 -0.0431926
41 3 0.046798
41 4 -0.452549
41 15 -0.015522
41 16 0.0534752
41 40 -0.0431926
41 41 0.397648
41 42 0.0161131
41 44 -0.00524467
41 47 0.00247463
42 4 -0.0945404
42 7 -0.191538
42 11 -0.0945404
42 16 -0.0543412
42 40 0.00767832
42 41 0.0161131
42 42 0.479409
42 43 0.0161131
42 47 -0.0421765
42 49 -0.0421765
43 10 0.046798
43 11 -0.452549
43 16 0.0534752
43 17 -0.015522
43 40 -0.0431926
43 42 0.0161131
43 43 0.397648
43 48 -0.00524467
43 49 0.00247463
44 3 0.0028819
44 4 -0.039176
44 23 0.0476203
44 24 -0.311321
44 41 -0.00524467
44 44 0.337224
44 45 0.0104772
44 46 0.0239416
44 47 -0.0664032
45 23 0.0423573
45 24 -0.237492
45 26 0.0310113
45 44 0.0104772
45 45 0.216635
45 46 -0.0629888
46 19 -0.128135
46 22 -0.0251179
46 24 0.00704363
46 26 0.015263
46 44 0.0239416
46 45 -0.0629888
46 46 0.2153
46 47 -0.0412201
46 53 -0.00408571
47 4 0.0386356
47 7 0.05814
47 19 -0.401254
47 24 0.00816154
47 41 0.00247463
47 42 -0.0421765
47 44 -0.0664032
47 46 -0.0412201
47 47 0.462957
47 52 -0.017618
47 53 -0.00169652
48 10 0.0028819
48 11 -0.039176
48 31 -0.311321
48 32 0.0476203
48 43 -0.00524467
48 48 0.337224
48 49 -0.0664032
48 50 0.0239416
48 51 0.0104772
49 7 0.05814
49 11 0.0386356
49 27 -0.401254
49 31 0.00816154
49 42 -0.0421765
49 43 0.00247463
49 48 -0.0664032
49 49 0.462957
49 50 -0.0412201
49 52 -0.017618
49 55 -0.00169652
50 27 -0.128135
50 30 -0.0251179
50 31 0.00704363
50 34 0.015263
50 48 0.0239416
50 49 -0.0412201
50 50 0.2153
50 51 -0.0629888
50 55 -0.00408571
51 31 -0.237492
51 32 0.0423573
51 34 0.0310113
51 48 0.0104772
51 50 -0.0629888
51 51 0.216635
52 7 -0.0121151
52 19 -0.0146902
52 27 -0.0146902
52 35 -0.184275
52 47 -0.017618
52 49 -0.017618
52 52 0.343003
52 53 -0.0355891
52 54 -0.0108173
52 55 -0.0355891
53 19 -0.0447322
53 22 0.00283114
53 35 -0.0523363
53 37 -0.0122065
53 46 -0.00408571
53 47 -0.00169652
53 52 -0.0355891
53 53 0.146694
53 54 0.00112103
54 35 -0.140437
54 37 0.0142696
54 38 0.00812564
54 39 0.0142696
54 52 -0.0108173
54 53 0.00112103
54 54 0.112347
54 55 0.00112103
55 27 -0.0447322
55 30 0.00283114
55 35 -0.0523363
55 39 -0.0122065
55 49 -0.00169652
55 50 -0.00408571
55 52 -0.0355891
55 54 0.00112103
55 55 0.146694
